Timestamp: 12/02/2019 19:16:04
TableVersion: 4.4.0
Monitoring: YES
Rav [Ohm]: 2.27569e+009
Averages: 1
SingleLoop: YES
ManualWaveform: YES
Settings: OM PE SL HV MON MW
Waveform: D:/Measurements/HTY/FORC/90v-1/87.tfw : Waveform 0
SampleName: 110BTBMZ
Area [mm2]: 0.04
Thickness [nm]: 300
Number Of Ceramic Layers: 1
Current Range: 7 (10uA)
Hysteresis Frequency [Hz]: 40
Hysteresis Amplitude [V]: 90
Vc+ [V]: 0
Vc- [V]: 0
Pr+ [uC/cm2]: 2.32629
Pr- [uC/cm2]: 0
Prrel [uC/cm2]: 0.131916
Pmax [uC/cm2]: 31.5863
Pmax- [uC/cm2]: -31.5863
Psw [uC/cm2]: 31.4543
Pnsw [uC/cm2]: 31.4543
dPsw [uC/cm2]: 0
Wloss [uJ/cm2]: 166.74
Cls [F]: 1.17449e-010
Epsls [1]: 99.4857
Basic System: TFAnalyzer 2000 E
Measure Head: FE 604-2
MeasureHal Profile: default
Program Version: 3.0.24.0
Operator: Unknown
HV Amplifier: aixACCT 400V amplifier
Time [s]	V+ [V]	V- [V]	I1 [A]	P1 [uC/cm2]	I2 [A]	P2 [uC/cm2]	I3 [A]	P3 [uC/cm2]	
0.000000e+000	1.882059e-001	0.000000e+000	1.688526e-006	1.319161e-001	1.688526e-006	1.319161e-001	0.000000e+000	0.000000e+000	
6.250000e-005	1.026954e+000	0.000000e+000	3.146495e-006	5.096522e-001	3.146495e-006	5.096522e-001	0.000000e+000	0.000000e+000	
1.250000e-004	1.916754e+000	0.000000e+000	3.166580e-006	1.002861e+000	3.166580e-006	1.002861e+000	0.000000e+000	0.000000e+000	
1.875000e-004	2.812290e+000	0.000000e+000	3.211745e-006	1.501168e+000	3.211745e-006	1.501168e+000	0.000000e+000	0.000000e+000	
2.500000e-004	3.715255e+000	0.000000e+000	3.246045e-006	2.005683e+000	3.246045e-006	2.005683e+000	0.000000e+000	0.000000e+000	
3.125000e-004	4.620947e+000	0.000000e+000	3.250201e-006	2.513202e+000	3.250201e-006	2.513202e+000	0.000000e+000	0.000000e+000	
3.750000e-004	5.519391e+000	0.000000e+000	3.247891e-006	3.020865e+000	3.247891e-006	3.020865e+000	0.000000e+000	0.000000e+000	
4.375000e-004	6.417994e+000	0.000000e+000	3.225885e-006	3.526629e+000	3.225885e-006	3.526629e+000	0.000000e+000	0.000000e+000	
5.000000e-004	7.327251e+000	0.000000e+000	3.229741e-006	4.030975e+000	3.229741e-006	4.030975e+000	0.000000e+000	0.000000e+000	
5.625000e-004	8.204425e+000	0.000000e+000	3.173636e-006	4.531239e+000	3.173636e-006	4.531239e+000	0.000000e+000	0.000000e+000	
6.250000e-004	9.122186e+000	0.000000e+000	3.159382e-006	5.026006e+000	3.159382e-006	5.026006e+000	0.000000e+000	0.000000e+000	
6.875000e-004	1.003393e+001	0.000000e+000	3.111170e-006	5.515892e+000	3.111170e-006	5.515892e+000	0.000000e+000	0.000000e+000	
7.500000e-004	1.090438e+001	0.000000e+000	3.078224e-006	5.999439e+000	3.078224e-006	5.999439e+000	0.000000e+000	0.000000e+000	
8.125000e-004	1.180250e+001	0.000000e+000	3.022395e-006	6.476050e+000	3.022395e-006	6.476050e+000	0.000000e+000	0.000000e+000	
8.750000e-004	1.271323e+001	0.000000e+000	2.988848e-006	6.945678e+000	2.988848e-006	6.945678e+000	0.000000e+000	0.000000e+000	
9.375000e-004	1.359339e+001	0.000000e+000	2.939299e-006	7.408815e+000	2.939299e-006	7.408815e+000	0.000000e+000	0.000000e+000	
1.000000e-003	1.449879e+001	0.000000e+000	2.886566e-006	7.863960e+000	2.886566e-006	7.863960e+000	0.000000e+000	0.000000e+000	
1.062500e-003	1.538548e+001	0.000000e+000	2.839140e-006	8.311281e+000	2.839140e-006	8.311281e+000	0.000000e+000	0.000000e+000	
1.125000e-003	1.629249e+001	0.000000e+000	2.801526e-006	8.751958e+000	2.801526e-006	8.751958e+000	0.000000e+000	0.000000e+000	
1.187500e-003	1.719069e+001	0.000000e+000	2.750208e-006	9.185687e+000	2.750208e-006	9.185687e+000	0.000000e+000	0.000000e+000	
1.250000e-003	1.809806e+001	0.000000e+000	2.694425e-006	9.611049e+000	2.694425e-006	9.611049e+000	0.000000e+000	0.000000e+000	
1.312500e-003	1.900001e+001	0.000000e+000	2.653442e-006	1.002885e+001	2.653442e-006	1.002885e+001	0.000000e+000	0.000000e+000	
1.375000e-003	1.988584e+001	0.000000e+000	2.606897e-006	1.043982e+001	2.606897e-006	1.043982e+001	0.000000e+000	0.000000e+000	
1.437500e-003	2.078883e+001	0.000000e+000	2.571002e-006	1.084434e+001	2.571002e-006	1.084434e+001	0.000000e+000	0.000000e+000	
1.500000e-003	2.168681e+001	0.000000e+000	2.529670e-006	1.124283e+001	2.529670e-006	1.124283e+001	0.000000e+000	0.000000e+000	
1.562500e-003	2.258757e+001	0.000000e+000	2.483855e-006	1.163451e+001	2.483855e-006	1.163451e+001	0.000000e+000	0.000000e+000	
1.625000e-003	2.348448e+001	0.000000e+000	2.443865e-006	1.201949e+001	2.443865e-006	1.201949e+001	0.000000e+000	0.000000e+000	
1.687500e-003	2.438276e+001	0.000000e+000	2.407438e-006	1.239850e+001	2.407438e-006	1.239850e+001	0.000000e+000	0.000000e+000	
1.750000e-003	2.528288e+001	0.000000e+000	2.361754e-006	1.277109e+001	2.361754e-006	1.277109e+001	0.000000e+000	0.000000e+000	
1.812500e-003	2.617961e+001	0.000000e+000	2.324488e-006	1.313720e+001	2.324488e-006	1.313720e+001	0.000000e+000	0.000000e+000	
1.875000e-003	2.707321e+001	0.000000e+000	2.287921e-006	1.349755e+001	2.287921e-006	1.349755e+001	0.000000e+000	0.000000e+000	
1.937500e-003	2.798396e+001	0.000000e+000	2.260772e-006	1.385291e+001	2.260772e-006	1.385291e+001	0.000000e+000	0.000000e+000	
2.000000e-003	2.887311e+001	0.000000e+000	2.221581e-006	1.420310e+001	2.221581e-006	1.420310e+001	0.000000e+000	0.000000e+000	
2.062500e-003	2.978545e+001	0.000000e+000	2.190463e-006	1.454779e+001	2.190463e-006	1.454779e+001	0.000000e+000	0.000000e+000	
2.125000e-003	3.067442e+001	0.000000e+000	2.152609e-006	1.488709e+001	2.152609e-006	1.488709e+001	0.000000e+000	0.000000e+000	
2.187500e-003	3.157330e+001	0.000000e+000	2.125618e-006	1.522133e+001	2.125618e-006	1.522133e+001	0.000000e+000	0.000000e+000	
2.250000e-003	3.246618e+001	0.000000e+000	2.091275e-006	1.555077e+001	2.091275e-006	1.555077e+001	0.000000e+000	0.000000e+000	
2.312500e-003	3.336953e+001	0.000000e+000	2.069205e-006	1.587581e+001	2.069205e-006	1.587581e+001	0.000000e+000	0.000000e+000	
2.375000e-003	3.426821e+001	0.000000e+000	2.034376e-006	1.619640e+001	2.034376e-006	1.619640e+001	0.000000e+000	0.000000e+000	
2.437500e-003	3.516641e+001	0.000000e+000	2.012787e-006	1.651259e+001	2.012787e-006	1.651259e+001	0.000000e+000	0.000000e+000	
2.500000e-003	3.606344e+001	0.000000e+000	1.982100e-006	1.682469e+001	1.982100e-006	1.682469e+001	0.000000e+000	0.000000e+000	
2.562500e-003	3.696527e+001	0.000000e+000	1.954541e-006	1.713224e+001	1.954541e-006	1.713224e+001	0.000000e+000	0.000000e+000	
2.625000e-003	3.786125e+001	0.000000e+000	1.934751e-006	1.743609e+001	1.934751e-006	1.743609e+001	0.000000e+000	0.000000e+000	
2.687500e-003	3.875706e+001	0.000000e+000	1.914293e-006	1.773679e+001	1.914293e-006	1.773679e+001	0.000000e+000	0.000000e+000	
2.750000e-003	3.964571e+001	0.000000e+000	1.891158e-006	1.803410e+001	1.891158e-006	1.803410e+001	0.000000e+000	0.000000e+000	
2.812500e-003	4.054881e+001	0.000000e+000	1.867714e-006	1.832776e+001	1.867714e-006	1.832776e+001	0.000000e+000	0.000000e+000	
2.875000e-003	4.145148e+001	0.000000e+000	1.836449e-006	1.861715e+001	1.836449e-006	1.861715e+001	0.000000e+000	0.000000e+000	
2.937500e-003	4.235096e+001	0.000000e+000	1.824880e-006	1.890319e+001	1.824880e-006	1.890319e+001	0.000000e+000	0.000000e+000	
3.000000e-003	4.323892e+001	0.000000e+000	1.792375e-006	1.918578e+001	1.792375e-006	1.918578e+001	0.000000e+000	0.000000e+000	
3.062500e-003	4.414752e+001	0.000000e+000	1.786537e-006	1.946539e+001	1.786537e-006	1.946539e+001	0.000000e+000	0.000000e+000	
3.125000e-003	4.504557e+001	0.000000e+000	1.755482e-006	1.974211e+001	1.755482e-006	1.974211e+001	0.000000e+000	0.000000e+000	
3.187500e-003	4.594294e+001	0.000000e+000	1.742543e-006	2.001539e+001	1.742543e-006	2.001539e+001	0.000000e+000	0.000000e+000	
3.250000e-003	4.684966e+001	0.000000e+000	1.715694e-006	2.028557e+001	1.715694e-006	2.028557e+001	0.000000e+000	0.000000e+000	
3.312500e-003	4.773269e+001	0.000000e+000	1.716719e-006	2.055372e+001	1.716719e-006	2.055372e+001	0.000000e+000	0.000000e+000	
3.375000e-003	4.863914e+001	0.000000e+000	1.679526e-006	2.081905e+001	1.679526e-006	2.081905e+001	0.000000e+000	0.000000e+000	
3.437500e-003	4.953755e+001	0.000000e+000	1.680942e-006	2.108159e+001	1.680942e-006	2.108159e+001	0.000000e+000	0.000000e+000	
3.500000e-003	5.043663e+001	0.000000e+000	1.640626e-006	2.134109e+001	1.640626e-006	2.134109e+001	0.000000e+000	0.000000e+000	
3.562500e-003	5.134220e+001	0.000000e+000	1.644800e-006	2.159776e+001	1.644800e-006	2.159776e+001	0.000000e+000	0.000000e+000	
3.625000e-003	5.222736e+001	0.000000e+000	1.620376e-006	2.185285e+001	1.620376e-006	2.185285e+001	0.000000e+000	0.000000e+000	
3.687500e-003	5.312748e+001	0.000000e+000	1.607840e-006	2.210506e+001	1.607840e-006	2.210506e+001	0.000000e+000	0.000000e+000	
3.750000e-003	5.402246e+001	0.000000e+000	1.582813e-006	2.235433e+001	1.582813e-006	2.235433e+001	0.000000e+000	0.000000e+000	
3.812500e-003	5.493516e+001	0.000000e+000	1.584138e-006	2.260175e+001	1.584138e-006	2.260175e+001	0.000000e+000	0.000000e+000	
3.875000e-003	5.582787e+001	0.000000e+000	1.554448e-006	2.284695e+001	1.554448e-006	2.284695e+001	0.000000e+000	0.000000e+000	
3.937500e-003	5.671428e+001	0.000000e+000	1.548165e-006	2.308934e+001	1.548165e-006	2.308934e+001	0.000000e+000	0.000000e+000	
4.000000e-003	5.761605e+001	0.000000e+000	1.531535e-006	2.332994e+001	1.531535e-006	2.332994e+001	0.000000e+000	0.000000e+000	
4.062500e-003	5.851848e+001	0.000000e+000	1.525438e-006	2.356877e+001	1.525438e-006	2.356877e+001	0.000000e+000	0.000000e+000	
4.125000e-003	5.941634e+001	0.000000e+000	1.506945e-006	2.380567e+001	1.506945e-006	2.380567e+001	0.000000e+000	0.000000e+000	
4.187500e-003	6.031156e+001	0.000000e+000	1.492880e-006	2.404003e+001	1.492880e-006	2.404003e+001	0.000000e+000	0.000000e+000	
4.250000e-003	6.121198e+001	0.000000e+000	1.483353e-006	2.427255e+001	1.483353e-006	2.427255e+001	0.000000e+000	0.000000e+000	
4.312500e-003	6.210468e+001	0.000000e+000	1.474489e-006	2.450363e+001	1.474489e-006	2.450363e+001	0.000000e+000	0.000000e+000	
4.375000e-003	6.301299e+001	0.000000e+000	1.462233e-006	2.473306e+001	1.462233e-006	2.473306e+001	0.000000e+000	0.000000e+000	
4.437500e-003	6.390848e+001	0.000000e+000	1.450822e-006	2.496065e+001	1.450822e-006	2.496065e+001	0.000000e+000	0.000000e+000	
4.500000e-003	6.480332e+001	0.000000e+000	1.435510e-006	2.518614e+001	1.435510e-006	2.518614e+001	0.000000e+000	0.000000e+000	
4.562500e-003	6.570599e+001	0.000000e+000	1.428537e-006	2.540990e+001	1.428537e-006	2.540990e+001	0.000000e+000	0.000000e+000	
4.625000e-003	6.661244e+001	0.000000e+000	1.414310e-006	2.563199e+001	1.414310e-006	2.563199e+001	0.000000e+000	0.000000e+000	
4.687500e-003	6.750016e+001	0.000000e+000	1.406824e-006	2.585239e+001	1.406824e-006	2.585239e+001	0.000000e+000	0.000000e+000	
4.750000e-003	6.841018e+001	0.000000e+000	1.399767e-006	2.607166e+001	1.399767e-006	2.607166e+001	0.000000e+000	0.000000e+000	
4.812500e-003	6.930034e+001	0.000000e+000	1.381461e-006	2.628894e+001	1.381461e-006	2.628894e+001	0.000000e+000	0.000000e+000	
4.875000e-003	7.019554e+001	0.000000e+000	1.374961e-006	2.650429e+001	1.374961e-006	2.650429e+001	0.000000e+000	0.000000e+000	
4.937500e-003	7.110282e+001	0.000000e+000	1.362748e-006	2.671817e+001	1.362748e-006	2.671817e+001	0.000000e+000	0.000000e+000	
5.000000e-003	7.199386e+001	0.000000e+000	1.360345e-006	2.693091e+001	1.360345e-006	2.693091e+001	0.000000e+000	0.000000e+000	
5.062500e-003	7.290122e+001	0.000000e+000	1.345217e-006	2.714228e+001	1.345217e-006	2.714228e+001	0.000000e+000	0.000000e+000	
5.125000e-003	7.378732e+001	0.000000e+000	1.337209e-006	2.735185e+001	1.337209e-006	2.735185e+001	0.000000e+000	0.000000e+000	
5.187500e-003	7.469432e+001	0.000000e+000	1.324859e-006	2.755982e+001	1.324859e-006	2.755982e+001	0.000000e+000	0.000000e+000	
5.250000e-003	7.559886e+001	0.000000e+000	1.323921e-006	2.776676e+001	1.323921e-006	2.776676e+001	0.000000e+000	0.000000e+000	
5.312500e-003	7.648372e+001	0.000000e+000	1.308303e-006	2.797240e+001	1.308303e-006	2.797240e+001	0.000000e+000	0.000000e+000	
5.375000e-003	7.740129e+001	0.000000e+000	1.304732e-006	2.817655e+001	1.304732e-006	2.817655e+001	0.000000e+000	0.000000e+000	
5.437500e-003	7.828336e+001	0.000000e+000	1.290769e-006	2.837932e+001	1.290769e-006	2.837932e+001	0.000000e+000	0.000000e+000	
5.500000e-003	7.918172e+001	0.000000e+000	1.284882e-006	2.858054e+001	1.284882e-006	2.858054e+001	0.000000e+000	0.000000e+000	
5.562500e-003	8.007790e+001	0.000000e+000	1.277693e-006	2.878074e+001	1.277693e-006	2.878074e+001	0.000000e+000	0.000000e+000	
5.625000e-003	8.098313e+001	0.000000e+000	1.269283e-006	2.897972e+001	1.269283e-006	2.897972e+001	0.000000e+000	0.000000e+000	
5.687500e-003	8.188130e+001	0.000000e+000	1.262530e-006	2.917752e+001	1.262530e-006	2.917752e+001	0.000000e+000	0.000000e+000	
5.750000e-003	8.276916e+001	0.000000e+000	1.255121e-006	2.937421e+001	1.255121e-006	2.937421e+001	0.000000e+000	0.000000e+000	
5.812500e-003	8.366984e+001	0.000000e+000	1.247884e-006	2.956976e+001	1.247884e-006	2.956976e+001	0.000000e+000	0.000000e+000	
5.875000e-003	8.455125e+001	0.000000e+000	1.246023e-006	2.976460e+001	1.246023e-006	2.976460e+001	0.000000e+000	0.000000e+000	
5.937500e-003	8.546487e+001	0.000000e+000	1.231878e-006	2.995818e+001	1.231878e-006	2.995818e+001	0.000000e+000	0.000000e+000	
6.000000e-003	8.636154e+001	0.000000e+000	1.232151e-006	3.015069e+001	1.232151e-006	3.015069e+001	0.000000e+000	0.000000e+000	
6.062500e-003	8.725983e+001	0.000000e+000	1.219559e-006	3.034223e+001	1.219559e-006	3.034223e+001	0.000000e+000	0.000000e+000	
6.125000e-003	8.815935e+001	0.000000e+000	1.226763e-006	3.053334e+001	1.226763e-006	3.053334e+001	0.000000e+000	0.000000e+000	
6.187500e-003	8.905210e+001	0.000000e+000	1.210189e-006	3.072373e+001	1.210189e-006	3.072373e+001	0.000000e+000	0.000000e+000	
6.250000e-003	8.974806e+001	0.000000e+000	6.014857e-007	3.086527e+001	6.014857e-007	3.086527e+001	0.000000e+000	0.000000e+000	
6.312500e-003	8.978311e+001	0.000000e+000	1.123694e-007	3.092104e+001	1.123694e-007	3.092104e+001	0.000000e+000	0.000000e+000	
6.375000e-003	8.974514e+001	0.000000e+000	9.757242e-008	3.093744e+001	9.757242e-008	3.093744e+001	0.000000e+000	0.000000e+000	
6.437500e-003	8.973040e+001	0.000000e+000	8.180633e-008	3.095145e+001	8.180633e-008	3.095145e+001	0.000000e+000	0.000000e+000	
6.500000e-003	8.969744e+001	0.000000e+000	7.386291e-008	3.096362e+001	7.386291e-008	3.096362e+001	0.000000e+000	0.000000e+000	
6.562500e-003	8.966840e+001	0.000000e+000	6.454419e-008	3.097443e+001	6.454419e-008	3.097443e+001	0.000000e+000	0.000000e+000	
6.625000e-003	8.964303e+001	0.000000e+000	5.117440e-008	3.098347e+001	5.117440e-008	3.098347e+001	0.000000e+000	0.000000e+000	
6.687500e-003	8.960918e+001	0.000000e+000	5.545251e-008	3.099180e+001	5.545251e-008	3.099180e+001	0.000000e+000	0.000000e+000	
6.750000e-003	8.958056e+001	0.000000e+000	4.428442e-008	3.099959e+001	4.428442e-008	3.099959e+001	0.000000e+000	0.000000e+000	
6.812500e-003	8.954977e+001	0.000000e+000	4.669419e-008	3.100670e+001	4.669419e-008	3.100670e+001	0.000000e+000	0.000000e+000	
6.875000e-003	8.952075e+001	0.000000e+000	3.439431e-008	3.101303e+001	3.439431e-008	3.101303e+001	0.000000e+000	0.000000e+000	
6.937500e-003	8.948841e+001	0.000000e+000	3.337481e-008	3.101833e+001	3.337481e-008	3.101833e+001	0.000000e+000	0.000000e+000	
7.000000e-003	8.945995e+001	0.000000e+000	2.609808e-008	3.102298e+001	2.609808e-008	3.102298e+001	0.000000e+000	0.000000e+000	
7.062500e-003	8.942431e+001	0.000000e+000	2.873591e-008	3.102726e+001	2.873591e-008	3.102726e+001	0.000000e+000	0.000000e+000	
7.125000e-003	8.939690e+001	0.000000e+000	2.342931e-008	3.103133e+001	2.342931e-008	3.103133e+001	0.000000e+000	0.000000e+000	
7.187500e-003	8.937444e+001	0.000000e+000	1.965122e-008	3.103470e+001	1.965122e-008	3.103470e+001	0.000000e+000	0.000000e+000	
7.250000e-003	8.932909e+001	0.000000e+000	1.686868e-008	3.103755e+001	1.686868e-008	3.103755e+001	0.000000e+000	0.000000e+000	
7.312500e-003	8.930603e+001	0.000000e+000	2.100956e-008	3.104051e+001	2.100956e-008	3.104051e+001	0.000000e+000	0.000000e+000	
7.375000e-003	8.926953e+001	0.000000e+000	1.389252e-008	3.104324e+001	1.389252e-008	3.104324e+001	0.000000e+000	0.000000e+000	
7.437500e-003	8.924670e+001	0.000000e+000	1.947956e-008	3.104585e+001	1.947956e-008	3.104585e+001	0.000000e+000	0.000000e+000	
7.500000e-003	8.921376e+001	0.000000e+000	1.597443e-008	3.104862e+001	1.597443e-008	3.104862e+001	0.000000e+000	0.000000e+000	
7.562500e-003	8.918732e+001	0.000000e+000	1.119131e-008	3.105074e+001	1.119131e-008	3.105074e+001	0.000000e+000	0.000000e+000	
7.625000e-003	8.916001e+001	0.000000e+000	8.090393e-009	3.105225e+001	8.090393e-009	3.105225e+001	0.000000e+000	0.000000e+000	
7.687500e-003	8.912540e+001	0.000000e+000	1.194583e-008	3.105381e+001	1.194583e-008	3.105381e+001	0.000000e+000	0.000000e+000	
7.750000e-003	8.909649e+001	0.000000e+000	1.322932e-008	3.105578e+001	1.322932e-008	3.105578e+001	0.000000e+000	0.000000e+000	
7.812500e-003	8.906096e+001	0.000000e+000	-7.847024e-010	3.105675e+001	-7.847024e-010	3.105675e+001	0.000000e+000	0.000000e+000	
7.875000e-003	8.903827e+001	0.000000e+000	4.841265e-009	3.105707e+001	4.841265e-009	3.105707e+001	0.000000e+000	0.000000e+000	
7.937500e-003	8.899108e+001	0.000000e+000	3.768369e-009	3.105774e+001	3.768369e-009	3.105774e+001	0.000000e+000	0.000000e+000	
8.000000e-003	8.897277e+001	0.000000e+000	2.956960e-009	3.105826e+001	2.956960e-009	3.105826e+001	0.000000e+000	0.000000e+000	
8.062500e-003	8.892183e+001	0.000000e+000	-2.495348e-009	3.105830e+001	-2.495348e-009	3.105830e+001	0.000000e+000	0.000000e+000	
8.125000e-003	8.893085e+001	0.000000e+000	2.544768e-009	3.105830e+001	2.544768e-009	3.105830e+001	0.000000e+000	0.000000e+000	
8.187500e-003	8.890580e+001	0.000000e+000	-7.320386e-009	3.105793e+001	-7.320386e-009	3.105793e+001	0.000000e+000	0.000000e+000	
8.250000e-003	8.885661e+001	0.000000e+000	1.868923e-010	3.105737e+001	1.868923e-010	3.105737e+001	0.000000e+000	0.000000e+000	
8.312500e-003	8.883749e+001	0.000000e+000	-6.609779e-009	3.105687e+001	-6.609779e-009	3.105687e+001	0.000000e+000	0.000000e+000	
8.375000e-003	8.880035e+001	0.000000e+000	1.200234e-010	3.105637e+001	1.200234e-010	3.105637e+001	0.000000e+000	0.000000e+000	
8.437500e-003	8.874061e+001	0.000000e+000	-1.168949e-009	3.105628e+001	-1.168949e-009	3.105628e+001	0.000000e+000	0.000000e+000	
8.500000e-003	8.873804e+001	0.000000e+000	-5.352744e-009	3.105577e+001	-5.352744e-009	3.105577e+001	0.000000e+000	0.000000e+000	
8.562500e-003	8.868295e+001	0.000000e+000	-8.817949e-009	3.105467e+001	-8.817949e-009	3.105467e+001	0.000000e+000	0.000000e+000	
8.625000e-003	8.865627e+001	0.000000e+000	4.788369e-009	3.105435e+001	4.788369e-009	3.105435e+001	0.000000e+000	0.000000e+000	
8.687500e-003	8.864531e+001	0.000000e+000	-1.055704e-008	3.105390e+001	-1.055704e-008	3.105390e+001	0.000000e+000	0.000000e+000	
8.750000e-003	8.861683e+001	0.000000e+000	-8.405258e-009	3.105242e+001	-8.405258e-009	3.105242e+001	0.000000e+000	0.000000e+000	
8.812500e-003	8.856509e+001	0.000000e+000	-5.657646e-009	3.105132e+001	-5.657646e-009	3.105132e+001	0.000000e+000	0.000000e+000	
8.875000e-003	8.856131e+001	0.000000e+000	-8.365337e-009	3.105023e+001	-8.365337e-009	3.105023e+001	0.000000e+000	0.000000e+000	
8.937500e-003	8.850531e+001	0.000000e+000	-7.848350e-009	3.104896e+001	-7.848350e-009	3.104896e+001	0.000000e+000	0.000000e+000	
9.000000e-003	8.849965e+001	0.000000e+000	-1.472087e-008	3.104720e+001	-1.472087e-008	3.104720e+001	0.000000e+000	0.000000e+000	
9.062500e-003	8.845210e+001	0.000000e+000	-6.232519e-009	3.104556e+001	-6.232519e-009	3.104556e+001	0.000000e+000	0.000000e+000	
9.125000e-003	8.841348e+001	0.000000e+000	-1.444442e-008	3.104394e+001	-1.444442e-008	3.104394e+001	0.000000e+000	0.000000e+000	
9.187500e-003	8.840846e+001	0.000000e+000	-1.270133e-008	3.104182e+001	-1.270133e-008	3.104182e+001	0.000000e+000	0.000000e+000	
9.250000e-003	8.835882e+001	0.000000e+000	-1.048169e-008	3.104001e+001	-1.048169e-008	3.104001e+001	0.000000e+000	0.000000e+000	
9.312500e-003	8.834328e+001	0.000000e+000	-6.605787e-009	3.103868e+001	-6.605787e-009	3.103868e+001	0.000000e+000	0.000000e+000	
9.375000e-003	8.834386e+001	0.000000e+000	-1.523087e-008	3.103697e+001	-1.523087e-008	3.103697e+001	0.000000e+000	0.000000e+000	
9.437500e-003	8.828758e+001	0.000000e+000	1.096625e-008	3.103664e+001	1.096625e-008	3.103664e+001	0.000000e+000	0.000000e+000	
9.500000e-003	8.825673e+001	0.000000e+000	-1.125118e-008	3.103661e+001	-1.125118e-008	3.103661e+001	0.000000e+000	0.000000e+000	
9.562500e-003	8.823586e+001	0.000000e+000	-1.369988e-008	3.103467e+001	-1.369988e-008	3.103467e+001	0.000000e+000	0.000000e+000	
9.625000e-003	8.819806e+001	0.000000e+000	-1.340246e-008	3.103255e+001	-1.340246e-008	3.103255e+001	0.000000e+000	0.000000e+000	
9.687500e-003	8.816779e+001	0.000000e+000	-1.592701e-008	3.103026e+001	-1.592701e-008	3.103026e+001	0.000000e+000	0.000000e+000	
9.750000e-003	8.814543e+001	0.000000e+000	-9.667283e-009	3.102826e+001	-9.667283e-009	3.102826e+001	0.000000e+000	0.000000e+000	
9.812500e-003	8.810958e+001	0.000000e+000	-2.069166e-008	3.102589e+001	-2.069166e-008	3.102589e+001	0.000000e+000	0.000000e+000	
9.875000e-003	8.808283e+001	0.000000e+000	-1.319736e-008	3.102324e+001	-1.319736e-008	3.102324e+001	0.000000e+000	0.000000e+000	
9.937500e-003	8.806252e+001	0.000000e+000	-1.451777e-008	3.102107e+001	-1.451777e-008	3.102107e+001	0.000000e+000	0.000000e+000	
1.000000e-002	8.803601e+001	0.000000e+000	-1.406067e-008	3.101884e+001	-1.406067e-008	3.101884e+001	0.000000e+000	0.000000e+000	
1.006250e-002	8.799021e+001	0.000000e+000	-1.323978e-008	3.101671e+001	-1.323978e-008	3.101671e+001	0.000000e+000	0.000000e+000	
1.012500e-002	8.798290e+001	0.000000e+000	-1.419890e-008	3.101456e+001	-1.419890e-008	3.101456e+001	0.000000e+000	0.000000e+000	
1.018750e-002	8.794371e+001	0.000000e+000	-1.438653e-008	3.101233e+001	-1.438653e-008	3.101233e+001	0.000000e+000	0.000000e+000	
1.025000e-002	8.791523e+001	0.000000e+000	-1.513805e-008	3.101002e+001	-1.513805e-008	3.101002e+001	0.000000e+000	0.000000e+000	
1.031250e-002	8.788731e+001	0.000000e+000	-1.773995e-008	3.100746e+001	-1.773995e-008	3.100746e+001	0.000000e+000	0.000000e+000	
1.037500e-002	8.786026e+001	0.000000e+000	-2.042369e-008	3.100447e+001	-2.042369e-008	3.100447e+001	0.000000e+000	0.000000e+000	
1.043750e-002	8.782155e+001	0.000000e+000	-1.750342e-008	3.100151e+001	-1.750342e-008	3.100151e+001	0.000000e+000	0.000000e+000	
1.050000e-002	8.779052e+001	0.000000e+000	-2.106144e-008	3.099850e+001	-2.106144e-008	3.099850e+001	0.000000e+000	0.000000e+000	
1.056250e-002	8.776559e+001	0.000000e+000	-1.921506e-008	3.099535e+001	-1.921506e-008	3.099535e+001	0.000000e+000	0.000000e+000	
1.062500e-002	8.772203e+001	0.000000e+000	-2.356653e-008	3.099201e+001	-2.356653e-008	3.099201e+001	0.000000e+000	0.000000e+000	
1.068750e-002	8.770005e+001	0.000000e+000	-1.429321e-008	3.098905e+001	-1.429321e-008	3.098905e+001	0.000000e+000	0.000000e+000	
1.075000e-002	8.767603e+001	0.000000e+000	-1.632523e-008	3.098666e+001	-1.632523e-008	3.098666e+001	0.000000e+000	0.000000e+000	
1.081250e-002	8.763835e+001	0.000000e+000	-2.346073e-008	3.098355e+001	-2.346073e-008	3.098355e+001	0.000000e+000	0.000000e+000	
1.087500e-002	8.760707e+001	0.000000e+000	-1.985181e-008	3.098017e+001	-1.985181e-008	3.098017e+001	0.000000e+000	0.000000e+000	
1.093750e-002	8.757066e+001	0.000000e+000	-2.333149e-008	3.097679e+001	-2.333149e-008	3.097679e+001	0.000000e+000	0.000000e+000	
1.100000e-002	8.754587e+001	0.000000e+000	-1.870356e-008	3.097351e+001	-1.870356e-008	3.097351e+001	0.000000e+000	0.000000e+000	
1.106250e-002	8.752030e+001	0.000000e+000	-1.992068e-008	3.097049e+001	-1.992068e-008	3.097049e+001	0.000000e+000	0.000000e+000	
1.112500e-002	8.748865e+001	0.000000e+000	-2.438891e-008	3.096703e+001	-2.438891e-008	3.096703e+001	0.000000e+000	0.000000e+000	
1.118750e-002	8.745049e+001	0.000000e+000	-2.208793e-008	3.096340e+001	-2.208793e-008	3.096340e+001	0.000000e+000	0.000000e+000	
1.125000e-002	8.743631e+001	0.000000e+000	-1.842112e-008	3.096023e+001	-1.842112e-008	3.096023e+001	0.000000e+000	0.000000e+000	
1.131250e-002	8.738888e+001	0.000000e+000	-2.394179e-008	3.095692e+001	-2.394179e-008	3.095692e+001	0.000000e+000	0.000000e+000	
1.137500e-002	8.735960e+001	0.000000e+000	-1.870506e-008	3.095359e+001	-1.870506e-008	3.095359e+001	0.000000e+000	0.000000e+000	
1.143750e-002	8.733762e+001	0.000000e+000	-2.090225e-008	3.095050e+001	-2.090225e-008	3.095050e+001	0.000000e+000	0.000000e+000	
1.150000e-002	8.730376e+001	0.000000e+000	-2.329356e-008	3.094705e+001	-2.329356e-008	3.094705e+001	0.000000e+000	0.000000e+000	
1.156250e-002	8.727102e+001	0.000000e+000	-2.230400e-008	3.094348e+001	-2.230400e-008	3.094348e+001	0.000000e+000	0.000000e+000	
1.162500e-002	8.724437e+001	0.000000e+000	-2.929928e-008	3.093945e+001	-2.929928e-008	3.093945e+001	0.000000e+000	0.000000e+000	
1.168750e-002	8.722346e+001	0.000000e+000	-1.943663e-008	3.093564e+001	-1.943663e-008	3.093564e+001	0.000000e+000	0.000000e+000	
1.175000e-002	8.718100e+001	0.000000e+000	-2.764154e-008	3.093197e+001	-2.764154e-008	3.093197e+001	0.000000e+000	0.000000e+000	
1.181250e-002	8.714723e+001	0.000000e+000	-2.541490e-008	3.092782e+001	-2.541490e-008	3.092782e+001	0.000000e+000	0.000000e+000	
1.187500e-002	8.712749e+001	0.000000e+000	-2.327310e-008	3.092402e+001	-2.327310e-008	3.092402e+001	0.000000e+000	0.000000e+000	
1.193750e-002	8.709045e+001	0.000000e+000	-1.931087e-008	3.092069e+001	-1.931087e-008	3.092069e+001	0.000000e+000	0.000000e+000	
1.200000e-002	8.705881e+001	0.000000e+000	-2.437195e-008	3.091728e+001	-2.437195e-008	3.091728e+001	0.000000e+000	0.000000e+000	
1.206250e-002	8.703328e+001	0.000000e+000	-2.718543e-008	3.091325e+001	-2.718543e-008	3.091325e+001	0.000000e+000	0.000000e+000	
1.212500e-002	8.701603e+001	0.000000e+000	-2.277608e-008	3.090935e+001	-2.277608e-008	3.090935e+001	0.000000e+000	0.000000e+000	
1.218750e-002	8.697106e+001	0.000000e+000	-2.548876e-008	3.090558e+001	-2.548876e-008	3.090558e+001	0.000000e+000	0.000000e+000	
1.225000e-002	8.693404e+001	0.000000e+000	-2.104048e-008	3.090194e+001	-2.104048e-008	3.090194e+001	0.000000e+000	0.000000e+000	
1.231250e-002	8.691046e+001	0.000000e+000	-2.485650e-008	3.089836e+001	-2.485650e-008	3.089836e+001	0.000000e+000	0.000000e+000	
1.237500e-002	8.688704e+001	0.000000e+000	-2.259294e-008	3.089465e+001	-2.259294e-008	3.089465e+001	0.000000e+000	0.000000e+000	
1.243750e-002	8.684550e+001	0.000000e+000	-3.139617e-008	3.089043e+001	-3.139617e-008	3.089043e+001	0.000000e+000	0.000000e+000	
1.250000e-002	8.683891e+001	0.000000e+000	2.063679e-008	3.088959e+001	2.063679e-008	3.088959e+001	0.000000e+000	0.000000e+000	
1.256250e-002	8.685010e+001	0.000000e+000	4.842480e-008	3.089499e+001	4.842480e-008	3.089499e+001	0.000000e+000	0.000000e+000	
1.262500e-002	8.688320e+001	0.000000e+000	4.666724e-008	3.090241e+001	4.666724e-008	3.090241e+001	0.000000e+000	0.000000e+000	
1.268750e-002	8.692107e+001	0.000000e+000	4.356383e-008	3.090946e+001	4.356383e-008	3.090946e+001	0.000000e+000	0.000000e+000	
1.275000e-002	8.694256e+001	0.000000e+000	4.048586e-008	3.091603e+001	4.048586e-008	3.091603e+001	0.000000e+000	0.000000e+000	
1.281250e-002	8.697483e+001	0.000000e+000	4.551301e-008	3.092275e+001	4.551301e-008	3.092275e+001	0.000000e+000	0.000000e+000	
1.287500e-002	8.701213e+001	0.000000e+000	4.598109e-008	3.092990e+001	4.598109e-008	3.092990e+001	0.000000e+000	0.000000e+000	
1.293750e-002	8.704773e+001	0.000000e+000	5.100923e-008	3.093747e+001	5.100923e-008	3.093747e+001	0.000000e+000	0.000000e+000	
1.300000e-002	8.706612e+001	0.000000e+000	4.728353e-008	3.094515e+001	4.728353e-008	3.094515e+001	0.000000e+000	0.000000e+000	
1.306250e-002	8.709997e+001	0.000000e+000	4.625306e-008	3.095246e+001	4.625306e-008	3.095246e+001	0.000000e+000	0.000000e+000	
1.312500e-002	8.712859e+001	0.000000e+000	4.835394e-008	3.095985e+001	4.835394e-008	3.095985e+001	0.000000e+000	0.000000e+000	
1.318750e-002	8.716145e+001	0.000000e+000	4.551400e-008	3.096719e+001	4.551400e-008	3.096719e+001	0.000000e+000	0.000000e+000	
1.325000e-002	8.719256e+001	0.000000e+000	4.824565e-008	3.097451e+001	4.824565e-008	3.097451e+001	0.000000e+000	0.000000e+000	
1.331250e-002	8.722303e+001	0.000000e+000	4.538476e-008	3.098183e+001	4.538476e-008	3.098183e+001	0.000000e+000	0.000000e+000	
1.337500e-002	8.724312e+001	0.000000e+000	4.675607e-008	3.098902e+001	4.675607e-008	3.098902e+001	0.000000e+000	0.000000e+000	
1.343750e-002	8.727909e+001	0.000000e+000	4.204181e-008	3.099596e+001	4.204181e-008	3.099596e+001	0.000000e+000	0.000000e+000	
1.350000e-002	8.730764e+001	0.000000e+000	5.342449e-008	3.100342e+001	5.342449e-008	3.100342e+001	0.000000e+000	0.000000e+000	
1.356250e-002	8.734046e+001	0.000000e+000	4.754802e-008	3.101131e+001	4.754802e-008	3.101131e+001	0.000000e+000	0.000000e+000	
1.362500e-002	8.736852e+001	0.000000e+000	4.856003e-008	3.101882e+001	4.856003e-008	3.101882e+001	0.000000e+000	0.000000e+000	
1.368750e-002	8.739298e+001	0.000000e+000	4.501249e-008	3.102613e+001	4.501249e-008	3.102613e+001	0.000000e+000	0.000000e+000	
1.375000e-002	8.743227e+001	0.000000e+000	4.257527e-008	3.103297e+001	4.257527e-008	3.103297e+001	0.000000e+000	0.000000e+000	
1.381250e-002	8.746179e+001	0.000000e+000	5.066989e-008	3.104025e+001	5.066989e-008	3.104025e+001	0.000000e+000	0.000000e+000	
1.387500e-002	8.750032e+001	0.000000e+000	5.047028e-008	3.104816e+001	5.047028e-008	3.104816e+001	0.000000e+000	0.000000e+000	
1.393750e-002	8.752454e+001	0.000000e+000	3.969392e-008	3.105520e+001	3.969392e-008	3.105520e+001	0.000000e+000	0.000000e+000	
1.400000e-002	8.754750e+001	0.000000e+000	4.500251e-008	3.106182e+001	4.500251e-008	3.106182e+001	0.000000e+000	0.000000e+000	
1.406250e-002	8.757765e+001	0.000000e+000	4.279184e-008	3.106868e+001	4.279184e-008	3.106868e+001	0.000000e+000	0.000000e+000	
1.412500e-002	8.761441e+001	0.000000e+000	4.894278e-008	3.107584e+001	4.894278e-008	3.107584e+001	0.000000e+000	0.000000e+000	
1.418750e-002	8.764233e+001	0.000000e+000	4.245401e-008	3.108298e+001	4.245401e-008	3.108298e+001	0.000000e+000	0.000000e+000	
1.425000e-002	8.766109e+001	0.000000e+000	4.654398e-008	3.108994e+001	4.654398e-008	3.108994e+001	0.000000e+000	0.000000e+000	
1.431250e-002	8.769690e+001	0.000000e+000	4.218603e-008	3.109687e+001	4.218603e-008	3.109687e+001	0.000000e+000	0.000000e+000	
1.437500e-002	8.772405e+001	0.000000e+000	4.768225e-008	3.110389e+001	4.768225e-008	3.110389e+001	0.000000e+000	0.000000e+000	
1.443750e-002	8.775021e+001	0.000000e+000	4.891334e-008	3.111144e+001	4.891334e-008	3.111144e+001	0.000000e+000	0.000000e+000	
1.450000e-002	8.778750e+001	0.000000e+000	4.434330e-008	3.111872e+001	4.434330e-008	3.111872e+001	0.000000e+000	0.000000e+000	
1.456250e-002	8.781394e+001	0.000000e+000	4.592170e-008	3.112577e+001	4.592170e-008	3.112577e+001	0.000000e+000	0.000000e+000	
1.462500e-002	8.783617e+001	0.000000e+000	4.727605e-008	3.113305e+001	4.727605e-008	3.113305e+001	0.000000e+000	0.000000e+000	
1.468750e-002	8.788440e+001	0.000000e+000	3.946537e-008	3.113983e+001	3.946537e-008	3.113983e+001	0.000000e+000	0.000000e+000	
1.475000e-002	8.790306e+001	0.000000e+000	4.257627e-008	3.114624e+001	4.257627e-008	3.114624e+001	0.000000e+000	0.000000e+000	
1.481250e-002	8.793508e+001	0.000000e+000	5.184559e-008	3.115362e+001	5.184559e-008	3.115362e+001	0.000000e+000	0.000000e+000	
1.487500e-002	8.796034e+001	0.000000e+000	4.259772e-008	3.116100e+001	4.259772e-008	3.116100e+001	0.000000e+000	0.000000e+000	
1.493750e-002	8.799610e+001	0.000000e+000	4.930257e-008	3.116817e+001	4.930257e-008	3.116817e+001	0.000000e+000	0.000000e+000	
1.500000e-002	8.802924e+001	0.000000e+000	4.558586e-008	3.117559e+001	4.558586e-008	3.117559e+001	0.000000e+000	0.000000e+000	
1.506250e-002	8.805143e+001	0.000000e+000	4.170647e-008	3.118241e+001	4.170647e-008	3.118241e+001	0.000000e+000	0.000000e+000	
1.512500e-002	8.807134e+001	0.000000e+000	4.353688e-008	3.118907e+001	4.353688e-008	3.118907e+001	0.000000e+000	0.000000e+000	
1.518750e-002	8.811289e+001	0.000000e+000	4.161864e-008	3.119572e+001	4.161864e-008	3.119572e+001	0.000000e+000	0.000000e+000	
1.525000e-002	8.814786e+001	0.000000e+000	5.193841e-008	3.120303e+001	5.193841e-008	3.120303e+001	0.000000e+000	0.000000e+000	
1.531250e-002	8.817140e+001	0.000000e+000	4.508385e-008	3.121061e+001	4.508385e-008	3.121061e+001	0.000000e+000	0.000000e+000	
1.537500e-002	8.820214e+001	0.000000e+000	4.338817e-008	3.121752e+001	4.338817e-008	3.121752e+001	0.000000e+000	0.000000e+000	
1.543750e-002	8.823787e+001	0.000000e+000	4.913640e-008	3.122475e+001	4.913640e-008	3.122475e+001	0.000000e+000	0.000000e+000	
1.550000e-002	8.825838e+001	0.000000e+000	4.122591e-008	3.123181e+001	4.122591e-008	3.123181e+001	0.000000e+000	0.000000e+000	
1.556250e-002	8.829467e+001	0.000000e+000	4.636384e-008	3.123865e+001	4.636384e-008	3.123865e+001	0.000000e+000	0.000000e+000	
1.562500e-002	8.832847e+001	0.000000e+000	4.428092e-008	3.124573e+001	4.428092e-008	3.124573e+001	0.000000e+000	0.000000e+000	
1.568750e-002	8.835647e+001	0.000000e+000	4.882751e-008	3.125301e+001	4.882751e-008	3.125301e+001	0.000000e+000	0.000000e+000	
1.575000e-002	8.838034e+001	0.000000e+000	4.659289e-008	3.126046e+001	4.659289e-008	3.126046e+001	0.000000e+000	0.000000e+000	
1.581250e-002	8.841384e+001	0.000000e+000	4.026480e-008	3.126725e+001	4.026480e-008	3.126725e+001	0.000000e+000	0.000000e+000	
1.587500e-002	8.844646e+001	0.000000e+000	4.555243e-008	3.127395e+001	4.555243e-008	3.127395e+001	0.000000e+000	0.000000e+000	
1.593750e-002	8.847964e+001	0.000000e+000	4.079975e-008	3.128070e+001	4.079975e-008	3.128070e+001	0.000000e+000	0.000000e+000	
1.600000e-002	8.852198e+001	0.000000e+000	4.835394e-008	3.128766e+001	4.835394e-008	3.128766e+001	0.000000e+000	0.000000e+000	
1.606250e-002	8.853827e+001	0.000000e+000	4.986098e-008	3.129534e+001	4.986098e-008	3.129534e+001	0.000000e+000	0.000000e+000	
1.612500e-002	8.856350e+001	0.000000e+000	4.230679e-008	3.130254e+001	4.230679e-008	3.130254e+001	0.000000e+000	0.000000e+000	
1.618750e-002	8.859995e+001	0.000000e+000	4.605694e-008	3.130944e+001	4.605694e-008	3.130944e+001	0.000000e+000	0.000000e+000	
1.625000e-002	8.863283e+001	0.000000e+000	4.441416e-008	3.131651e+001	4.441416e-008	3.131651e+001	0.000000e+000	0.000000e+000	
1.631250e-002	8.865194e+001	0.000000e+000	4.364966e-008	3.132339e+001	4.364966e-008	3.132339e+001	0.000000e+000	0.000000e+000	
1.637500e-002	8.869205e+001	0.000000e+000	4.423451e-008	3.133026e+001	4.423451e-008	3.133026e+001	0.000000e+000	0.000000e+000	
1.643750e-002	8.872356e+001	0.000000e+000	4.978613e-008	3.133760e+001	4.978613e-008	3.133760e+001	0.000000e+000	0.000000e+000	
1.650000e-002	8.875713e+001	0.000000e+000	4.317908e-008	3.134486e+001	4.317908e-008	3.134486e+001	0.000000e+000	0.000000e+000	
1.656250e-002	8.878298e+001	0.000000e+000	4.302588e-008	3.135160e+001	4.302588e-008	3.135160e+001	0.000000e+000	0.000000e+000	
1.662500e-002	8.881405e+001	0.000000e+000	4.052379e-008	3.135813e+001	4.052379e-008	3.135813e+001	0.000000e+000	0.000000e+000	
1.668750e-002	8.884468e+001	0.000000e+000	3.801521e-008	3.136426e+001	3.801521e-008	3.136426e+001	0.000000e+000	0.000000e+000	
1.675000e-002	8.887336e+001	0.000000e+000	5.471047e-008	3.137151e+001	5.471047e-008	3.137151e+001	0.000000e+000	0.000000e+000	
1.681250e-002	8.889534e+001	0.000000e+000	4.185318e-008	3.137905e+001	4.185318e-008	3.137905e+001	0.000000e+000	0.000000e+000	
1.687500e-002	8.893717e+001	0.000000e+000	4.596911e-008	3.138591e+001	4.596911e-008	3.138591e+001	0.000000e+000	0.000000e+000	
1.693750e-002	8.896349e+001	0.000000e+000	4.307279e-008	3.139287e+001	4.307279e-008	3.139287e+001	0.000000e+000	0.000000e+000	
1.700000e-002	8.899705e+001	0.000000e+000	4.202485e-008	3.139952e+001	4.202485e-008	3.139952e+001	0.000000e+000	0.000000e+000	
1.706250e-002	8.900944e+001	0.000000e+000	4.934349e-008	3.140665e+001	4.934349e-008	3.140665e+001	0.000000e+000	0.000000e+000	
1.712500e-002	8.905952e+001	0.000000e+000	3.915847e-008	3.141357e+001	3.915847e-008	3.141357e+001	0.000000e+000	0.000000e+000	
1.718750e-002	8.908908e+001	0.000000e+000	4.891683e-008	3.142045e+001	4.891683e-008	3.142045e+001	0.000000e+000	0.000000e+000	
1.725000e-002	8.912090e+001	0.000000e+000	4.637382e-008	3.142789e+001	4.637382e-008	3.142789e+001	0.000000e+000	0.000000e+000	
1.731250e-002	8.915930e+001	0.000000e+000	4.048836e-008	3.143468e+001	4.048836e-008	3.143468e+001	0.000000e+000	0.000000e+000	
1.737500e-002	8.918198e+001	0.000000e+000	4.922523e-008	3.144169e+001	4.922523e-008	3.144169e+001	0.000000e+000	0.000000e+000	
1.743750e-002	8.921213e+001	0.000000e+000	3.680957e-008	3.144841e+001	3.680957e-008	3.144841e+001	0.000000e+000	0.000000e+000	
1.750000e-002	8.924272e+001	0.000000e+000	4.485779e-008	3.145479e+001	4.485779e-008	3.145479e+001	0.000000e+000	0.000000e+000	
1.756250e-002	8.926120e+001	0.000000e+000	4.686136e-008	3.146196e+001	4.686136e-008	3.146196e+001	0.000000e+000	0.000000e+000	
1.762500e-002	8.930157e+001	0.000000e+000	3.898780e-008	3.146866e+001	3.898780e-008	3.146866e+001	0.000000e+000	0.000000e+000	
1.768750e-002	8.933395e+001	0.000000e+000	4.700408e-008	3.147538e+001	4.700408e-008	3.147538e+001	0.000000e+000	0.000000e+000	
1.775000e-002	8.936928e+001	0.000000e+000	3.941995e-008	3.148213e+001	3.941995e-008	3.148213e+001	0.000000e+000	0.000000e+000	
1.781250e-002	8.939147e+001	0.000000e+000	4.358928e-008	3.148862e+001	4.358928e-008	3.148862e+001	0.000000e+000	0.000000e+000	
1.787500e-002	8.942435e+001	0.000000e+000	4.785990e-008	3.149576e+001	4.785990e-008	3.149576e+001	0.000000e+000	0.000000e+000	
1.793750e-002	8.946748e+001	0.000000e+000	4.516619e-008	3.150303e+001	4.516619e-008	3.150303e+001	0.000000e+000	0.000000e+000	
1.800000e-002	8.946714e+001	0.000000e+000	4.112212e-008	3.150977e+001	4.112212e-008	3.150977e+001	0.000000e+000	0.000000e+000	
1.806250e-002	8.954975e+001	0.000000e+000	4.355435e-008	3.151639e+001	4.355435e-008	3.151639e+001	0.000000e+000	0.000000e+000	
1.812500e-002	8.955186e+001	0.000000e+000	4.552448e-008	3.152335e+001	4.552448e-008	3.152335e+001	0.000000e+000	0.000000e+000	
1.818750e-002	8.959125e+001	0.000000e+000	4.708941e-008	3.153058e+001	4.708941e-008	3.153058e+001	0.000000e+000	0.000000e+000	
1.825000e-002	8.963761e+001	0.000000e+000	4.897372e-008	3.153809e+001	4.897372e-008	3.153809e+001	0.000000e+000	0.000000e+000	
1.831250e-002	8.965032e+001	0.000000e+000	4.720269e-008	3.154560e+001	4.720269e-008	3.154560e+001	0.000000e+000	0.000000e+000	
1.837500e-002	8.964518e+001	0.000000e+000	3.799076e-008	3.155226e+001	3.799076e-008	3.155226e+001	0.000000e+000	0.000000e+000	
1.843750e-002	8.971660e+001	0.000000e+000	4.806899e-008	3.155898e+001	4.806899e-008	3.155898e+001	0.000000e+000	0.000000e+000	
1.850000e-002	8.972906e+001	0.000000e+000	4.393510e-008	3.156617e+001	4.393510e-008	3.156617e+001	0.000000e+000	0.000000e+000	
1.856250e-002	8.975687e+001	0.000000e+000	4.039305e-008	3.157275e+001	4.039305e-008	3.157275e+001	0.000000e+000	0.000000e+000	
1.862500e-002	8.978031e+001	0.000000e+000	4.414469e-008	3.157936e+001	4.414469e-008	3.157936e+001	0.000000e+000	0.000000e+000	
1.868750e-002	8.983428e+001	0.000000e+000	4.406884e-008	3.158625e+001	4.406884e-008	3.158625e+001	0.000000e+000	0.000000e+000	
1.875000e-002	8.965530e+001	0.000000e+000	-5.592560e-007	3.154600e+001	-5.592560e-007	3.154600e+001	0.000000e+000	0.000000e+000	
1.881250e-002	8.881748e+001	0.000000e+000	-1.025411e-006	3.142220e+001	-1.025411e-006	3.142220e+001	0.000000e+000	0.000000e+000	
1.887500e-002	8.791826e+001	0.000000e+000	-1.036889e-006	3.126108e+001	-1.036889e-006	3.126108e+001	0.000000e+000	0.000000e+000	
1.893750e-002	8.703881e+001	0.000000e+000	-1.050812e-006	3.109798e+001	-1.050812e-006	3.109798e+001	0.000000e+000	0.000000e+000	
1.900000e-002	8.610775e+001	0.000000e+000	-1.062066e-006	3.093291e+001	-1.062066e-006	3.093291e+001	0.000000e+000	0.000000e+000	
1.906250e-002	8.521341e+001	0.000000e+000	-1.071809e-006	3.076620e+001	-1.071809e-006	3.076620e+001	0.000000e+000	0.000000e+000	
1.912500e-002	8.431596e+001	0.000000e+000	-1.081263e-006	3.059799e+001	-1.081263e-006	3.059799e+001	0.000000e+000	0.000000e+000	
1.918750e-002	8.345416e+001	0.000000e+000	-1.089842e-006	3.042838e+001	-1.089842e-006	3.042838e+001	0.000000e+000	0.000000e+000	
1.925000e-002	8.253449e+001	0.000000e+000	-1.099242e-006	3.025735e+001	-1.099242e-006	3.025735e+001	0.000000e+000	0.000000e+000	
1.931250e-002	8.160756e+001	0.000000e+000	-1.110484e-006	3.008472e+001	-1.110484e-006	3.008472e+001	0.000000e+000	0.000000e+000	
1.937500e-002	8.074232e+001	0.000000e+000	-1.116091e-006	2.991077e+001	-1.116091e-006	2.991077e+001	0.000000e+000	0.000000e+000	
1.943750e-002	7.983503e+001	0.000000e+000	-1.131557e-006	2.973517e+001	-1.131557e-006	2.973517e+001	0.000000e+000	0.000000e+000	
1.950000e-002	7.893169e+001	0.000000e+000	-1.132385e-006	2.955830e+001	-1.132385e-006	2.955830e+001	0.000000e+000	0.000000e+000	
1.956250e-002	7.802325e+001	0.000000e+000	-1.144903e-006	2.938039e+001	-1.144903e-006	2.938039e+001	0.000000e+000	0.000000e+000	
1.962500e-002	7.714852e+001	0.000000e+000	-1.158804e-006	2.920041e+001	-1.158804e-006	2.920041e+001	0.000000e+000	0.000000e+000	
1.968750e-002	7.624259e+001	0.000000e+000	-1.164050e-006	2.901894e+001	-1.164050e-006	2.901894e+001	0.000000e+000	0.000000e+000	
1.975000e-002	7.535267e+001	0.000000e+000	-1.176823e-006	2.883606e+001	-1.176823e-006	2.883606e+001	0.000000e+000	0.000000e+000	
1.981250e-002	7.446813e+001	0.000000e+000	-1.179408e-006	2.865198e+001	-1.179408e-006	2.865198e+001	0.000000e+000	0.000000e+000	
1.987500e-002	7.353838e+001	0.000000e+000	-1.229162e-006	2.846381e+001	-1.229162e-006	2.846381e+001	0.000000e+000	0.000000e+000	
1.993750e-002	7.261636e+001	0.000000e+000	-1.210652e-006	2.827320e+001	-1.210652e-006	2.827320e+001	0.000000e+000	0.000000e+000	
2.000000e-002	7.173948e+001	0.000000e+000	-1.207015e-006	2.808432e+001	-1.207015e-006	2.808432e+001	0.000000e+000	0.000000e+000	
2.006250e-002	7.082969e+001	0.000000e+000	-1.227130e-006	2.789415e+001	-1.227130e-006	2.789415e+001	0.000000e+000	0.000000e+000	
2.012500e-002	6.993762e+001	0.000000e+000	-1.237064e-006	2.770163e+001	-1.237064e-006	2.770163e+001	0.000000e+000	0.000000e+000	
2.018750e-002	6.904236e+001	0.000000e+000	-1.242859e-006	2.750789e+001	-1.242859e-006	2.750789e+001	0.000000e+000	0.000000e+000	
2.025000e-002	6.813000e+001	0.000000e+000	-1.257478e-006	2.731255e+001	-1.257478e-006	2.731255e+001	0.000000e+000	0.000000e+000	
2.031250e-002	6.723621e+001	0.000000e+000	-1.261839e-006	2.711573e+001	-1.261839e-006	2.711573e+001	0.000000e+000	0.000000e+000	
2.037500e-002	6.633874e+001	0.000000e+000	-1.276405e-006	2.691743e+001	-1.276405e-006	2.691743e+001	0.000000e+000	0.000000e+000	
2.043750e-002	6.544142e+001	0.000000e+000	-1.293140e-006	2.671668e+001	-1.293140e-006	2.671668e+001	0.000000e+000	0.000000e+000	
2.050000e-002	6.453692e+001	0.000000e+000	-1.298154e-006	2.651424e+001	-1.298154e-006	2.651424e+001	0.000000e+000	0.000000e+000	
2.056250e-002	6.364250e+001	0.000000e+000	-1.310715e-006	2.631042e+001	-1.310715e-006	2.631042e+001	0.000000e+000	0.000000e+000	
2.062500e-002	6.275290e+001	0.000000e+000	-1.318554e-006	2.610501e+001	-1.318554e-006	2.610501e+001	0.000000e+000	0.000000e+000	
2.068750e-002	6.185250e+001	0.000000e+000	-1.333821e-006	2.589779e+001	-1.333821e-006	2.589779e+001	0.000000e+000	0.000000e+000	
2.075000e-002	6.095693e+001	0.000000e+000	-1.353762e-006	2.568782e+001	-1.353762e-006	2.568782e+001	0.000000e+000	0.000000e+000	
2.081250e-002	6.004366e+001	0.000000e+000	-1.355095e-006	2.547619e+001	-1.355095e-006	2.547619e+001	0.000000e+000	0.000000e+000	
2.087500e-002	5.916032e+001	0.000000e+000	-1.372305e-006	2.526312e+001	-1.372305e-006	2.526312e+001	0.000000e+000	0.000000e+000	
2.093750e-002	5.826402e+001	0.000000e+000	-1.376704e-006	2.504835e+001	-1.376704e-006	2.504835e+001	0.000000e+000	0.000000e+000	
2.100000e-002	5.736052e+001	0.000000e+000	-1.395369e-006	2.483178e+001	-1.395369e-006	2.483178e+001	0.000000e+000	0.000000e+000	
2.106250e-002	5.645933e+001	0.000000e+000	-1.413659e-006	2.461233e+001	-1.413659e-006	2.461233e+001	0.000000e+000	0.000000e+000	
2.112500e-002	5.556328e+001	0.000000e+000	-1.417987e-006	2.439110e+001	-1.417987e-006	2.439110e+001	0.000000e+000	0.000000e+000	
2.118750e-002	5.465241e+001	0.000000e+000	-1.441980e-006	2.416767e+001	-1.441980e-006	2.416767e+001	0.000000e+000	0.000000e+000	
2.125000e-002	5.376874e+001	0.000000e+000	-1.451687e-006	2.394160e+001	-1.451687e-006	2.394160e+001	0.000000e+000	0.000000e+000	
2.131250e-002	5.287161e+001	0.000000e+000	-1.463215e-006	2.371388e+001	-1.463215e-006	2.371388e+001	0.000000e+000	0.000000e+000	
2.137500e-002	5.196020e+001	0.000000e+000	-1.485561e-006	2.348350e+001	-1.485561e-006	2.348350e+001	0.000000e+000	0.000000e+000	
2.143750e-002	5.106945e+001	0.000000e+000	-1.487495e-006	2.325123e+001	-1.487495e-006	2.325123e+001	0.000000e+000	0.000000e+000	
2.150000e-002	5.017877e+001	0.000000e+000	-1.518681e-006	2.301637e+001	-1.518681e-006	2.301637e+001	0.000000e+000	0.000000e+000	
2.156250e-002	4.927917e+001	0.000000e+000	-1.526430e-006	2.277848e+001	-1.526430e-006	2.277848e+001	0.000000e+000	0.000000e+000	
2.162500e-002	4.837778e+001	0.000000e+000	-1.544947e-006	2.253852e+001	-1.544947e-006	2.253852e+001	0.000000e+000	0.000000e+000	
2.168750e-002	4.748396e+001	0.000000e+000	-1.567653e-006	2.229535e+001	-1.567653e-006	2.229535e+001	0.000000e+000	0.000000e+000	
2.175000e-002	4.659497e+001	0.000000e+000	-1.580512e-006	2.204940e+001	-1.580512e-006	2.204940e+001	0.000000e+000	0.000000e+000	
2.181250e-002	4.567853e+001	0.000000e+000	-1.598713e-006	2.180102e+001	-1.598713e-006	2.180102e+001	0.000000e+000	0.000000e+000	
2.187500e-002	4.477925e+001	0.000000e+000	-1.624685e-006	2.154920e+001	-1.624685e-006	2.154920e+001	0.000000e+000	0.000000e+000	
2.193750e-002	4.389000e+001	0.000000e+000	-1.621208e-006	2.129561e+001	-1.621208e-006	2.129561e+001	0.000000e+000	0.000000e+000	
2.200000e-002	4.298760e+001	0.000000e+000	-1.661613e-006	2.103914e+001	-1.661613e-006	2.103914e+001	0.000000e+000	0.000000e+000	
2.206250e-002	4.208748e+001	0.000000e+000	-1.682044e-006	2.077792e+001	-1.682044e-006	2.077792e+001	0.000000e+000	0.000000e+000	
2.212500e-002	4.119067e+001	0.000000e+000	-1.695699e-006	2.051403e+001	-1.695699e-006	2.051403e+001	0.000000e+000	0.000000e+000	
2.218750e-002	4.028864e+001	0.000000e+000	-1.724844e-006	2.024680e+001	-1.724844e-006	2.024680e+001	0.000000e+000	0.000000e+000	
2.225000e-002	3.939024e+001	0.000000e+000	-1.736659e-006	1.997637e+001	-1.736659e-006	1.997637e+001	0.000000e+000	0.000000e+000	
2.231250e-002	3.850008e+001	0.000000e+000	-1.765278e-006	1.970278e+001	-1.765278e-006	1.970278e+001	0.000000e+000	0.000000e+000	
2.237500e-002	3.759004e+001	0.000000e+000	-1.796818e-006	1.942449e+001	-1.796818e-006	1.942449e+001	0.000000e+000	0.000000e+000	
2.243750e-002	3.669690e+001	0.000000e+000	-1.805238e-006	1.914308e+001	-1.805238e-006	1.914308e+001	0.000000e+000	0.000000e+000	
2.250000e-002	3.580419e+001	0.000000e+000	-1.842629e-006	1.885809e+001	-1.842629e-006	1.885809e+001	0.000000e+000	0.000000e+000	
2.256250e-002	3.490527e+001	0.000000e+000	-1.857082e-006	1.856905e+001	-1.857082e-006	1.856905e+001	0.000000e+000	0.000000e+000	
2.262500e-002	3.400740e+001	0.000000e+000	-1.886261e-006	1.827661e+001	-1.886261e-006	1.827661e+001	0.000000e+000	0.000000e+000	
2.268750e-002	3.311039e+001	0.000000e+000	-1.928193e-006	1.797860e+001	-1.928193e-006	1.797860e+001	0.000000e+000	0.000000e+000	
2.275000e-002	3.220972e+001	0.000000e+000	-1.938177e-006	1.767654e+001	-1.938177e-006	1.767654e+001	0.000000e+000	0.000000e+000	
2.281250e-002	3.130287e+001	0.000000e+000	-1.974140e-006	1.737089e+001	-1.974140e-006	1.737089e+001	0.000000e+000	0.000000e+000	
2.287500e-002	3.041277e+001	0.000000e+000	-2.012103e-006	1.705947e+001	-2.012103e-006	1.705947e+001	0.000000e+000	0.000000e+000	
2.293750e-002	2.951142e+001	0.000000e+000	-2.031863e-006	1.674353e+001	-2.031863e-006	1.674353e+001	0.000000e+000	0.000000e+000	
2.300000e-002	2.861220e+001	0.000000e+000	-2.076192e-006	1.642259e+001	-2.076192e-006	1.642259e+001	0.000000e+000	0.000000e+000	
2.306250e-002	2.771109e+001	0.000000e+000	-2.100775e-006	1.609626e+001	-2.100775e-006	1.609626e+001	0.000000e+000	0.000000e+000	
2.312500e-002	2.681036e+001	0.000000e+000	-2.138617e-006	1.576506e+001	-2.138617e-006	1.576506e+001	0.000000e+000	0.000000e+000	
2.318750e-002	2.591589e+001	0.000000e+000	-2.179519e-006	1.542771e+001	-2.179519e-006	1.542771e+001	0.000000e+000	0.000000e+000	
2.325000e-002	2.501333e+001	0.000000e+000	-2.206108e-006	1.508508e+001	-2.206108e-006	1.508508e+001	0.000000e+000	0.000000e+000	
2.331250e-002	2.411584e+001	0.000000e+000	-2.250418e-006	1.473691e+001	-2.250418e-006	1.473691e+001	0.000000e+000	0.000000e+000	
2.337500e-002	2.322485e+001	0.000000e+000	-2.303365e-006	1.438115e+001	-2.303365e-006	1.438115e+001	0.000000e+000	0.000000e+000	
2.343750e-002	2.232385e+001	0.000000e+000	-2.330090e-006	1.401916e+001	-2.330090e-006	1.401916e+001	0.000000e+000	0.000000e+000	
2.350000e-002	2.142290e+001	0.000000e+000	-2.383222e-006	1.365093e+001	-2.383222e-006	1.365093e+001	0.000000e+000	0.000000e+000	
2.356250e-002	2.051207e+001	0.000000e+000	-2.423691e-006	1.327539e+001	-2.423691e-006	1.327539e+001	0.000000e+000	0.000000e+000	
2.362500e-002	1.962924e+001	0.000000e+000	-2.479166e-006	1.289236e+001	-2.479166e-006	1.289236e+001	0.000000e+000	0.000000e+000	
2.368750e-002	1.872681e+001	0.000000e+000	-2.521748e-006	1.250166e+001	-2.521748e-006	1.250166e+001	0.000000e+000	0.000000e+000	
2.375000e-002	1.782729e+001	0.000000e+000	-2.560095e-006	1.210464e+001	-2.560095e-006	1.210464e+001	0.000000e+000	0.000000e+000	
2.381250e-002	1.693510e+001	0.000000e+000	-2.615667e-006	1.170029e+001	-2.615667e-006	1.170029e+001	0.000000e+000	0.000000e+000	
2.387500e-002	1.603553e+001	0.000000e+000	-2.655522e-006	1.128847e+001	-2.655522e-006	1.128847e+001	0.000000e+000	0.000000e+000	
2.393750e-002	1.513589e+001	0.000000e+000	-2.740318e-006	1.086692e+001	-2.740318e-006	1.086692e+001	0.000000e+000	0.000000e+000	
2.400000e-002	1.422557e+001	0.000000e+000	-2.807887e-006	1.043347e+001	-2.807887e-006	1.043347e+001	0.000000e+000	0.000000e+000	
2.406250e-002	1.333422e+001	0.000000e+000	-2.844082e-006	9.991911e+000	-2.844082e-006	9.991911e+000	0.000000e+000	0.000000e+000	
2.412500e-002	1.243353e+001	0.000000e+000	-2.903258e-006	9.542900e+000	-2.903258e-006	9.542900e+000	0.000000e+000	0.000000e+000	
2.418750e-002	1.153883e+001	0.000000e+000	-2.973953e-006	9.083743e+000	-2.973953e-006	9.083743e+000	0.000000e+000	0.000000e+000	
2.425000e-002	1.064281e+001	0.000000e+000	-3.020079e-006	8.615459e+000	-3.020079e-006	8.615459e+000	0.000000e+000	0.000000e+000	
2.431250e-002	9.726207e+000	0.000000e+000	-3.100631e-006	8.137278e+000	-3.100631e-006	8.137278e+000	0.000000e+000	0.000000e+000	
2.437500e-002	8.846045e+000	0.000000e+000	-3.179226e-006	7.646665e+000	-3.179226e-006	7.646665e+000	0.000000e+000	0.000000e+000	
2.443750e-002	7.942424e+000	0.000000e+000	-3.227656e-006	7.146127e+000	-3.227656e-006	7.146127e+000	0.000000e+000	0.000000e+000	
2.450000e-002	7.055173e+000	0.000000e+000	-3.300559e-006	6.636110e+000	-3.300559e-006	6.636110e+000	0.000000e+000	0.000000e+000	
2.456250e-002	6.149998e+000	0.000000e+000	-3.369793e-006	6.114989e+000	-3.369793e-006	6.114989e+000	0.000000e+000	0.000000e+000	
2.462500e-002	5.242852e+000	0.000000e+000	-3.444105e-006	5.582653e+000	-3.444105e-006	5.582653e+000	0.000000e+000	0.000000e+000	
2.468750e-002	4.347754e+000	0.000000e+000	-3.512842e-006	5.039142e+000	-3.512842e-006	5.039142e+000	0.000000e+000	0.000000e+000	
2.475000e-002	3.461120e+000	0.000000e+000	-3.557986e-006	4.486733e+000	-3.557986e-006	4.486733e+000	0.000000e+000	0.000000e+000	
2.481250e-002	2.550568e+000	0.000000e+000	-3.627373e-006	3.925377e+000	-3.627373e-006	3.925377e+000	0.000000e+000	0.000000e+000	
2.487500e-002	1.662022e+000	0.000000e+000	-3.706777e-006	3.352396e+000	-3.706777e-006	3.352396e+000	0.000000e+000	0.000000e+000	
2.493750e-002	7.559313e-001	0.000000e+000	-3.748357e-006	2.769964e+000	-3.748357e-006	2.769964e+000	0.000000e+000	0.000000e+000	
2.500000e-002	6.151652e-002	0.000000e+000	-1.930713e-006	2.326287e+000	-1.930713e-006	2.326287e+000	0.000000e+000	0.000000e+000	
