Timestamp: 12/02/2019 19:33:46
TableVersion: 4.4.0
Monitoring: YES
Rav [Ohm]: 1.47926e+008
Averages: 1
SingleLoop: YES
ManualWaveform: YES
Settings: OM PE SL HV MON MW
Waveform: D:/Measurements/HTY/FORC/90v-1/-72.tfw : Waveform 0
SampleName: 110BTBMZ
Area [mm2]: 0.04
Thickness [nm]: 300
Number Of Ceramic Layers: 1
Current Range: 7 (10uA)
Hysteresis Frequency [Hz]: 40
Hysteresis Amplitude [V]: 90
Vc+ [V]: 7.45772
Vc- [V]: -3.77508
Pr+ [uC/cm2]: 2.46339
Pr- [uC/cm2]: 1.69949
Prrel [uC/cm2]: 0.13155
Pmax [uC/cm2]: 30.7283
Pmax- [uC/cm2]: -30.7283
Psw [uC/cm2]: 30.5967
Pnsw [uC/cm2]: 30.5967
dPsw [uC/cm2]: 0
Wloss [uJ/cm2]: 813.83
Cls [F]: 1.68831e-010
Epsls [1]: 143.009
Basic System: TFAnalyzer 2000 E
Measure Head: FE 604-2
MeasureHal Profile: default
Program Version: 3.0.24.0
Operator: Unknown
HV Amplifier: aixACCT 400V amplifier
Time [s]	V+ [V]	V- [V]	I1 [A]	P1 [uC/cm2]	I2 [A]	P2 [uC/cm2]	I3 [A]	P3 [uC/cm2]	
0.000000e+000	1.889570e-001	0.000000e+000	1.683845e-006	1.315504e-001	1.683845e-006	1.315504e-001	0.000000e+000	0.000000e+000	
6.250000e-005	1.038803e+000	0.000000e+000	3.180576e-006	5.115832e-001	3.180576e-006	5.115832e-001	0.000000e+000	0.000000e+000	
1.250000e-004	1.897118e+000	0.000000e+000	3.181330e-006	1.008607e+000	3.181330e-006	1.008607e+000	0.000000e+000	0.000000e+000	
1.875000e-004	2.796040e+000	0.000000e+000	3.243033e-006	1.510511e+000	3.243033e-006	1.510511e+000	0.000000e+000	0.000000e+000	
2.500000e-004	3.706153e+000	0.000000e+000	3.302550e-006	2.021884e+000	3.302550e-006	2.021884e+000	0.000000e+000	0.000000e+000	
3.125000e-004	4.616944e+000	0.000000e+000	3.304554e-006	2.538064e+000	3.304554e-006	2.538064e+000	0.000000e+000	0.000000e+000	
3.750000e-004	5.502184e+000	0.000000e+000	3.327954e-006	3.056229e+000	3.327954e-006	3.056229e+000	0.000000e+000	0.000000e+000	
4.375000e-004	6.395410e+000	0.000000e+000	3.300054e-006	3.574042e+000	3.300054e-006	3.574042e+000	0.000000e+000	0.000000e+000	
5.000000e-004	7.324582e+000	0.000000e+000	3.315033e-006	4.090846e+000	3.315033e-006	4.090846e+000	0.000000e+000	0.000000e+000	
5.625000e-004	8.229638e+000	0.000000e+000	3.287639e-006	4.606679e+000	3.287639e-006	4.606679e+000	0.000000e+000	0.000000e+000	
6.250000e-004	9.097591e+000	0.000000e+000	3.233243e-006	5.116123e+000	3.233243e-006	5.116123e+000	0.000000e+000	0.000000e+000	
6.875000e-004	1.000691e+001	0.000000e+000	3.216972e-006	5.620046e+000	3.216972e-006	5.620046e+000	0.000000e+000	0.000000e+000	
7.500000e-004	1.092899e+001	0.000000e+000	3.177108e-006	6.119584e+000	3.177108e-006	6.119584e+000	0.000000e+000	0.000000e+000	
8.125000e-004	1.178537e+001	0.000000e+000	3.142529e-006	6.613306e+000	3.142529e-006	6.613306e+000	0.000000e+000	0.000000e+000	
8.750000e-004	1.268436e+001	0.000000e+000	3.090775e-006	7.100282e+000	3.090775e-006	7.100282e+000	0.000000e+000	0.000000e+000	
9.375000e-004	1.360343e+001	0.000000e+000	3.046014e-006	7.579719e+000	3.046014e-006	7.579719e+000	0.000000e+000	0.000000e+000	
1.000000e-003	1.448347e+001	0.000000e+000	2.995616e-006	8.051721e+000	2.995616e-006	8.051721e+000	0.000000e+000	0.000000e+000	
1.062500e-003	1.539880e+001	0.000000e+000	2.988422e-006	8.519224e+000	2.988422e-006	8.519224e+000	0.000000e+000	0.000000e+000	
1.125000e-003	1.632256e+001	0.000000e+000	2.907018e-006	8.979806e+000	2.907018e-006	8.979806e+000	0.000000e+000	0.000000e+000	
1.187500e-003	1.721200e+001	0.000000e+000	2.845734e-006	9.429239e+000	2.845734e-006	9.429239e+000	0.000000e+000	0.000000e+000	
1.250000e-003	1.812494e+001	0.000000e+000	2.802794e-006	9.870531e+000	2.802794e-006	9.870531e+000	0.000000e+000	0.000000e+000	
1.312500e-003	1.899387e+001	0.000000e+000	2.750849e-006	1.030441e+001	2.750849e-006	1.030441e+001	0.000000e+000	0.000000e+000	
1.375000e-003	1.990494e+001	0.000000e+000	2.705445e-006	1.073068e+001	2.705445e-006	1.073068e+001	0.000000e+000	0.000000e+000	
1.437500e-003	2.079498e+001	0.000000e+000	2.654692e-006	1.114944e+001	2.654692e-006	1.114944e+001	0.000000e+000	0.000000e+000	
1.500000e-003	2.169846e+001	0.000000e+000	2.607664e-006	1.156056e+001	2.607664e-006	1.156056e+001	0.000000e+000	0.000000e+000	
1.562500e-003	2.260571e+001	0.000000e+000	2.564613e-006	1.196465e+001	2.564613e-006	1.196465e+001	0.000000e+000	0.000000e+000	
1.625000e-003	2.348723e+001	0.000000e+000	2.523829e-006	1.236218e+001	2.523829e-006	1.236218e+001	0.000000e+000	0.000000e+000	
1.687500e-003	2.439551e+001	0.000000e+000	2.480989e-006	1.275318e+001	2.480989e-006	1.275318e+001	0.000000e+000	0.000000e+000	
1.750000e-003	2.526948e+001	0.000000e+000	2.427760e-006	1.313668e+001	2.427760e-006	1.313668e+001	0.000000e+000	0.000000e+000	
1.812500e-003	2.618863e+001	0.000000e+000	2.410411e-006	1.351466e+001	2.410411e-006	1.351466e+001	0.000000e+000	0.000000e+000	
1.875000e-003	2.708329e+001	0.000000e+000	2.366996e-006	1.388790e+001	2.366996e-006	1.388790e+001	0.000000e+000	0.000000e+000	
1.937500e-003	2.798432e+001	0.000000e+000	2.318822e-006	1.425398e+001	2.318822e-006	1.425398e+001	0.000000e+000	0.000000e+000	
2.000000e-003	2.887647e+001	0.000000e+000	2.292567e-006	1.461424e+001	2.292567e-006	1.461424e+001	0.000000e+000	0.000000e+000	
2.062500e-003	2.977173e+001	0.000000e+000	2.247533e-006	1.496894e+001	2.247533e-006	1.496894e+001	0.000000e+000	0.000000e+000	
2.125000e-003	3.065870e+001	0.000000e+000	2.221207e-006	1.531806e+001	2.221207e-006	1.531806e+001	0.000000e+000	0.000000e+000	
2.187500e-003	3.156376e+001	0.000000e+000	2.172026e-006	1.566128e+001	2.172026e-006	1.566128e+001	0.000000e+000	0.000000e+000	
2.250000e-003	3.246714e+001	0.000000e+000	2.156940e-006	1.599948e+001	2.156940e-006	1.599948e+001	0.000000e+000	0.000000e+000	
2.312500e-003	3.336284e+001	0.000000e+000	2.126082e-006	1.633409e+001	2.126082e-006	1.633409e+001	0.000000e+000	0.000000e+000	
2.375000e-003	3.426194e+001	0.000000e+000	2.095607e-006	1.666391e+001	2.095607e-006	1.666391e+001	0.000000e+000	0.000000e+000	
2.437500e-003	3.516329e+001	0.000000e+000	2.060260e-006	1.698859e+001	2.060260e-006	1.698859e+001	0.000000e+000	0.000000e+000	
2.500000e-003	3.605448e+001	0.000000e+000	2.031741e-006	1.730827e+001	2.031741e-006	1.730827e+001	0.000000e+000	0.000000e+000	
2.562500e-003	3.697013e+001	0.000000e+000	2.015439e-006	1.762446e+001	2.015439e-006	1.762446e+001	0.000000e+000	0.000000e+000	
2.625000e-003	3.785896e+001	0.000000e+000	1.980739e-006	1.793666e+001	1.980739e-006	1.793666e+001	0.000000e+000	0.000000e+000	
2.687500e-003	3.875075e+001	0.000000e+000	1.955390e-006	1.824417e+001	1.955390e-006	1.824417e+001	0.000000e+000	0.000000e+000	
2.750000e-003	3.964947e+001	0.000000e+000	1.933086e-006	1.854796e+001	1.933086e-006	1.854796e+001	0.000000e+000	0.000000e+000	
2.812500e-003	4.054943e+001	0.000000e+000	1.911163e-006	1.884829e+001	1.911163e-006	1.884829e+001	0.000000e+000	0.000000e+000	
2.875000e-003	4.144373e+001	0.000000e+000	1.878580e-006	1.914436e+001	1.878580e-006	1.914436e+001	0.000000e+000	0.000000e+000	
2.937500e-003	4.234500e+001	0.000000e+000	1.865055e-006	1.943684e+001	1.865055e-006	1.943684e+001	0.000000e+000	0.000000e+000	
3.000000e-003	4.323424e+001	0.000000e+000	1.837943e-006	1.972613e+001	1.837943e-006	1.972613e+001	0.000000e+000	0.000000e+000	
3.062500e-003	4.413878e+001	0.000000e+000	1.819377e-006	2.001186e+001	1.819377e-006	2.001186e+001	0.000000e+000	0.000000e+000	
3.125000e-003	4.504240e+001	0.000000e+000	1.795301e-006	2.029426e+001	1.795301e-006	2.029426e+001	0.000000e+000	0.000000e+000	
3.187500e-003	4.594280e+001	0.000000e+000	1.768850e-006	2.057271e+001	1.768850e-006	2.057271e+001	0.000000e+000	0.000000e+000	
3.250000e-003	4.683905e+001	0.000000e+000	1.765903e-006	2.084886e+001	1.765903e-006	2.084886e+001	0.000000e+000	0.000000e+000	
3.312500e-003	4.772116e+001	0.000000e+000	1.732093e-006	2.112214e+001	1.732093e-006	2.112214e+001	0.000000e+000	0.000000e+000	
3.375000e-003	4.863060e+001	0.000000e+000	1.723447e-006	2.139210e+001	1.723447e-006	2.139210e+001	0.000000e+000	0.000000e+000	
3.437500e-003	4.953251e+001	0.000000e+000	1.694202e-006	2.165911e+001	1.694202e-006	2.165911e+001	0.000000e+000	0.000000e+000	
3.500000e-003	5.041677e+001	0.000000e+000	1.683287e-006	2.192297e+001	1.683287e-006	2.192297e+001	0.000000e+000	0.000000e+000	
3.562500e-003	5.132031e+001	0.000000e+000	1.671312e-006	2.218505e+001	1.671312e-006	2.218505e+001	0.000000e+000	0.000000e+000	
3.625000e-003	5.222001e+001	0.000000e+000	1.648020e-006	2.244438e+001	1.648020e-006	2.244438e+001	0.000000e+000	0.000000e+000	
3.687500e-003	5.311125e+001	0.000000e+000	1.633809e-006	2.270077e+001	1.633809e-006	2.270077e+001	0.000000e+000	0.000000e+000	
3.750000e-003	5.400893e+001	0.000000e+000	1.617408e-006	2.295477e+001	1.617408e-006	2.295477e+001	0.000000e+000	0.000000e+000	
3.812500e-003	5.490519e+001	0.000000e+000	1.610948e-006	2.320698e+001	1.610948e-006	2.320698e+001	0.000000e+000	0.000000e+000	
3.875000e-003	5.581707e+001	0.000000e+000	1.578216e-006	2.345614e+001	1.578216e-006	2.345614e+001	0.000000e+000	0.000000e+000	
3.937500e-003	5.670827e+001	0.000000e+000	1.564066e-006	2.370163e+001	1.564066e-006	2.370163e+001	0.000000e+000	0.000000e+000	
4.000000e-003	5.759839e+001	0.000000e+000	1.554810e-006	2.394529e+001	1.554810e-006	2.394529e+001	0.000000e+000	0.000000e+000	
4.062500e-003	5.850798e+001	0.000000e+000	1.556492e-006	2.418836e+001	1.556492e-006	2.418836e+001	0.000000e+000	0.000000e+000	
4.125000e-003	5.941477e+001	0.000000e+000	1.535050e-006	2.442989e+001	1.535050e-006	2.442989e+001	0.000000e+000	0.000000e+000	
4.187500e-003	6.030286e+001	0.000000e+000	1.517191e-006	2.466834e+001	1.517191e-006	2.466834e+001	0.000000e+000	0.000000e+000	
4.250000e-003	6.120011e+001	0.000000e+000	1.504810e-006	2.490444e+001	1.504810e-006	2.490444e+001	0.000000e+000	0.000000e+000	
4.312500e-003	6.209664e+001	0.000000e+000	1.489937e-006	2.513840e+001	1.489937e-006	2.513840e+001	0.000000e+000	0.000000e+000	
4.375000e-003	6.299932e+001	0.000000e+000	1.486749e-006	2.537096e+001	1.486749e-006	2.537096e+001	0.000000e+000	0.000000e+000	
4.437500e-003	6.390306e+001	0.000000e+000	1.464949e-006	2.560156e+001	1.464949e-006	2.560156e+001	0.000000e+000	0.000000e+000	
4.500000e-003	6.479181e+001	0.000000e+000	1.459968e-006	2.583007e+001	1.459968e-006	2.583007e+001	0.000000e+000	0.000000e+000	
4.562500e-003	6.569141e+001	0.000000e+000	1.442551e-006	2.605683e+001	1.442551e-006	2.605683e+001	0.000000e+000	0.000000e+000	
4.625000e-003	6.658645e+001	0.000000e+000	1.434988e-006	2.628163e+001	1.434988e-006	2.628163e+001	0.000000e+000	0.000000e+000	
4.687500e-003	6.749019e+001	0.000000e+000	1.427164e-006	2.650524e+001	1.427164e-006	2.650524e+001	0.000000e+000	0.000000e+000	
4.750000e-003	6.839247e+001	0.000000e+000	1.417407e-006	2.672747e+001	1.417407e-006	2.672747e+001	0.000000e+000	0.000000e+000	
4.812500e-003	6.928909e+001	0.000000e+000	1.406744e-006	2.694811e+001	1.406744e-006	2.694811e+001	0.000000e+000	0.000000e+000	
4.875000e-003	7.019575e+001	0.000000e+000	1.398678e-006	2.716728e+001	1.398678e-006	2.716728e+001	0.000000e+000	0.000000e+000	
4.937500e-003	7.108651e+001	0.000000e+000	1.389579e-006	2.738511e+001	1.389579e-006	2.738511e+001	0.000000e+000	0.000000e+000	
5.000000e-003	7.197767e+001	0.000000e+000	1.378570e-006	2.760138e+001	1.378570e-006	2.760138e+001	0.000000e+000	0.000000e+000	
5.062500e-003	7.288666e+001	0.000000e+000	1.369876e-006	2.781610e+001	1.369876e-006	2.781610e+001	0.000000e+000	0.000000e+000	
5.125000e-003	7.379787e+001	0.000000e+000	1.357470e-006	2.802917e+001	1.357470e-006	2.802917e+001	0.000000e+000	0.000000e+000	
5.187500e-003	7.467780e+001	0.000000e+000	1.355562e-006	2.824113e+001	1.355562e-006	2.824113e+001	0.000000e+000	0.000000e+000	
5.250000e-003	7.558020e+001	0.000000e+000	1.344617e-006	2.845208e+001	1.344617e-006	2.845208e+001	0.000000e+000	0.000000e+000	
5.312500e-003	7.647912e+001	0.000000e+000	1.351689e-006	2.866273e+001	1.351689e-006	2.866273e+001	0.000000e+000	0.000000e+000	
5.375000e-003	7.738509e+001	0.000000e+000	1.331093e-006	2.887232e+001	1.331093e-006	2.887232e+001	0.000000e+000	0.000000e+000	
5.437500e-003	7.826968e+001	0.000000e+000	1.342416e-006	2.908119e+001	1.342416e-006	2.908119e+001	0.000000e+000	0.000000e+000	
5.500000e-003	7.917376e+001	0.000000e+000	1.328226e-006	2.928983e+001	1.328226e-006	2.928983e+001	0.000000e+000	0.000000e+000	
5.562500e-003	8.006105e+001	0.000000e+000	1.328186e-006	2.949736e+001	1.328186e-006	2.949736e+001	0.000000e+000	0.000000e+000	
5.625000e-003	8.096447e+001	0.000000e+000	1.321841e-006	2.970440e+001	1.321841e-006	2.970440e+001	0.000000e+000	0.000000e+000	
5.687500e-003	8.186200e+001	0.000000e+000	1.319056e-006	2.991072e+001	1.319056e-006	2.991072e+001	0.000000e+000	0.000000e+000	
5.750000e-003	8.275393e+001	0.000000e+000	1.320976e-006	3.011697e+001	1.320976e-006	3.011697e+001	0.000000e+000	0.000000e+000	
5.812500e-003	8.365608e+001	0.000000e+000	1.320450e-006	3.032333e+001	1.320450e-006	3.032333e+001	0.000000e+000	0.000000e+000	
5.875000e-003	8.455552e+001	0.000000e+000	1.319695e-006	3.052959e+001	1.319695e-006	3.052959e+001	0.000000e+000	0.000000e+000	
5.937500e-003	8.545241e+001	0.000000e+000	1.322053e-006	3.073598e+001	1.322053e-006	3.073598e+001	0.000000e+000	0.000000e+000	
6.000000e-003	8.634701e+001	0.000000e+000	1.324567e-006	3.094275e+001	1.324567e-006	3.094275e+001	0.000000e+000	0.000000e+000	
6.062500e-003	8.723677e+001	0.000000e+000	1.323625e-006	3.114964e+001	1.323625e-006	3.114964e+001	0.000000e+000	0.000000e+000	
6.125000e-003	8.814905e+001	0.000000e+000	1.334975e-006	3.135734e+001	1.334975e-006	3.135734e+001	0.000000e+000	0.000000e+000	
6.187500e-003	8.904184e+001	0.000000e+000	1.328174e-006	3.156540e+001	1.328174e-006	3.156540e+001	0.000000e+000	0.000000e+000	
6.250000e-003	8.937838e+001	0.000000e+000	-3.105205e-007	3.164490e+001	-3.105205e-007	3.164490e+001	0.000000e+000	0.000000e+000	
6.312500e-003	8.795394e+001	0.000000e+000	-1.673990e-006	3.148986e+001	-1.673990e-006	3.148986e+001	0.000000e+000	0.000000e+000	
6.375000e-003	8.633591e+001	0.000000e+000	-1.736858e-006	3.122339e+001	-1.736858e-006	3.122339e+001	0.000000e+000	0.000000e+000	
6.437500e-003	8.471464e+001	0.000000e+000	-1.807376e-006	3.094650e+001	-1.807376e-006	3.094650e+001	0.000000e+000	0.000000e+000	
6.500000e-003	8.310374e+001	0.000000e+000	-1.872920e-006	3.065897e+001	-1.872920e-006	3.065897e+001	0.000000e+000	0.000000e+000	
6.562500e-003	8.149265e+001	0.000000e+000	-1.913362e-006	3.036317e+001	-1.913362e-006	3.036317e+001	0.000000e+000	0.000000e+000	
6.625000e-003	7.987062e+001	0.000000e+000	-1.954652e-006	3.006098e+001	-1.954652e-006	3.006098e+001	0.000000e+000	0.000000e+000	
6.687500e-003	7.825396e+001	0.000000e+000	-1.993561e-006	2.975253e+001	-1.993561e-006	2.975253e+001	0.000000e+000	0.000000e+000	
6.750000e-003	7.664754e+001	0.000000e+000	-2.037259e-006	2.943762e+001	-2.037259e-006	2.943762e+001	0.000000e+000	0.000000e+000	
6.812500e-003	7.501679e+001	0.000000e+000	-2.075642e-006	2.911630e+001	-2.075642e-006	2.911630e+001	0.000000e+000	0.000000e+000	
6.875000e-003	7.340857e+001	0.000000e+000	-2.112331e-006	2.878912e+001	-2.112331e-006	2.878912e+001	0.000000e+000	0.000000e+000	
6.937500e-003	7.178324e+001	0.000000e+000	-2.141692e-006	2.845677e+001	-2.141692e-006	2.845677e+001	0.000000e+000	0.000000e+000	
7.000000e-003	7.017751e+001	0.000000e+000	-2.188087e-006	2.811851e+001	-2.188087e-006	2.811851e+001	0.000000e+000	0.000000e+000	
7.062500e-003	6.856237e+001	0.000000e+000	-2.215055e-006	2.777451e+001	-2.215055e-006	2.777451e+001	0.000000e+000	0.000000e+000	
7.125000e-003	6.694639e+001	0.000000e+000	-2.263712e-006	2.742461e+001	-2.263712e-006	2.742461e+001	0.000000e+000	0.000000e+000	
7.187500e-003	6.532655e+001	0.000000e+000	-2.290819e-006	2.706878e+001	-2.290819e-006	2.706878e+001	0.000000e+000	0.000000e+000	
7.250000e-003	6.371158e+001	0.000000e+000	-2.335021e-006	2.670739e+001	-2.335021e-006	2.670739e+001	0.000000e+000	0.000000e+000	
7.312500e-003	6.210273e+001	0.000000e+000	-2.368700e-006	2.633991e+001	-2.368700e-006	2.633991e+001	0.000000e+000	0.000000e+000	
7.375000e-003	6.047924e+001	0.000000e+000	-2.416177e-006	2.596609e+001	-2.416177e-006	2.596609e+001	0.000000e+000	0.000000e+000	
7.437500e-003	5.886422e+001	0.000000e+000	-2.457683e-006	2.558532e+001	-2.457683e-006	2.558532e+001	0.000000e+000	0.000000e+000	
7.500000e-003	5.723552e+001	0.000000e+000	-2.503418e-006	2.519774e+001	-2.503418e-006	2.519774e+001	0.000000e+000	0.000000e+000	
7.562500e-003	5.562428e+001	0.000000e+000	-2.546817e-006	2.480319e+001	-2.546817e-006	2.480319e+001	0.000000e+000	0.000000e+000	
7.625000e-003	5.401041e+001	0.000000e+000	-2.600939e-006	2.440102e+001	-2.600939e-006	2.440102e+001	0.000000e+000	0.000000e+000	
7.687500e-003	5.239363e+001	0.000000e+000	-2.645754e-006	2.399112e+001	-2.645754e-006	2.399112e+001	0.000000e+000	0.000000e+000	
7.750000e-003	5.076178e+001	0.000000e+000	-2.710188e-006	2.357269e+001	-2.710188e-006	2.357269e+001	0.000000e+000	0.000000e+000	
7.812500e-003	4.915624e+001	0.000000e+000	-2.754105e-006	2.314579e+001	-2.754105e-006	2.314579e+001	0.000000e+000	0.000000e+000	
7.875000e-003	4.754279e+001	0.000000e+000	-2.803198e-006	2.271163e+001	-2.803198e-006	2.271163e+001	0.000000e+000	0.000000e+000	
7.937500e-003	4.592963e+001	0.000000e+000	-2.880128e-006	2.226762e+001	-2.880128e-006	2.226762e+001	0.000000e+000	0.000000e+000	
8.000000e-003	4.431421e+001	0.000000e+000	-2.925979e-006	2.181401e+001	-2.925979e-006	2.181401e+001	0.000000e+000	0.000000e+000	
8.062500e-003	4.269975e+001	0.000000e+000	-3.016387e-006	2.134977e+001	-3.016387e-006	2.134977e+001	0.000000e+000	0.000000e+000	
8.125000e-003	4.107403e+001	0.000000e+000	-3.080664e-006	2.087343e+001	-3.080664e-006	2.087343e+001	0.000000e+000	0.000000e+000	
8.187500e-003	3.946522e+001	0.000000e+000	-3.144881e-006	2.038706e+001	-3.144881e-006	2.038706e+001	0.000000e+000	0.000000e+000	
8.250000e-003	3.784444e+001	0.000000e+000	-3.231957e-006	1.988887e+001	-3.231957e-006	1.988887e+001	0.000000e+000	0.000000e+000	
8.312500e-003	3.622308e+001	0.000000e+000	-3.316572e-006	1.937727e+001	-3.316572e-006	1.937727e+001	0.000000e+000	0.000000e+000	
8.375000e-003	3.460999e+001	0.000000e+000	-3.387266e-006	1.885353e+001	-3.387266e-006	1.885353e+001	0.000000e+000	0.000000e+000	
8.437500e-003	3.300198e+001	0.000000e+000	-3.499398e-006	1.831551e+001	-3.499398e-006	1.831551e+001	0.000000e+000	0.000000e+000	
8.500000e-003	3.138193e+001	0.000000e+000	-3.574846e-006	1.776284e+001	-3.574846e-006	1.776284e+001	0.000000e+000	0.000000e+000	
8.562500e-003	2.975042e+001	0.000000e+000	-3.705650e-006	1.719405e+001	-3.705650e-006	1.719405e+001	0.000000e+000	0.000000e+000	
8.625000e-003	2.814133e+001	0.000000e+000	-3.793514e-006	1.660818e+001	-3.793514e-006	1.660818e+001	0.000000e+000	0.000000e+000	
8.687500e-003	2.652237e+001	0.000000e+000	-3.924413e-006	1.600521e+001	-3.924413e-006	1.600521e+001	0.000000e+000	0.000000e+000	
8.750000e-003	2.491326e+001	0.000000e+000	-4.045061e-006	1.538260e+001	-4.045061e-006	1.538260e+001	0.000000e+000	0.000000e+000	
8.812500e-003	2.330042e+001	0.000000e+000	-4.183942e-006	1.473971e+001	-4.183942e-006	1.473971e+001	0.000000e+000	0.000000e+000	
8.875000e-003	2.167670e+001	0.000000e+000	-4.320205e-006	1.407532e+001	-4.320205e-006	1.407532e+001	0.000000e+000	0.000000e+000	
8.937500e-003	2.004534e+001	0.000000e+000	-4.469919e-006	1.338859e+001	-4.469919e-006	1.338859e+001	0.000000e+000	0.000000e+000	
9.000000e-003	1.844898e+001	0.000000e+000	-4.646287e-006	1.267639e+001	-4.646287e-006	1.267639e+001	0.000000e+000	0.000000e+000	
9.062500e-003	1.683726e+001	0.000000e+000	-4.814811e-006	1.193724e+001	-4.814811e-006	1.193724e+001	0.000000e+000	0.000000e+000	
9.125000e-003	1.520862e+001	0.000000e+000	-4.989108e-006	1.117131e+001	-4.989108e-006	1.117131e+001	0.000000e+000	0.000000e+000	
9.187500e-003	1.357722e+001	0.000000e+000	-5.192646e-006	1.037586e+001	-5.192646e-006	1.037586e+001	0.000000e+000	0.000000e+000	
9.250000e-003	1.196596e+001	0.000000e+000	-5.402876e-006	9.548084e+000	-5.402876e-006	9.548084e+000	0.000000e+000	0.000000e+000	
9.312500e-003	1.036799e+001	0.000000e+000	-5.581496e-006	8.689930e+000	-5.581496e-006	8.689930e+000	0.000000e+000	0.000000e+000	
9.375000e-003	8.737409e+000	0.000000e+000	-5.798192e-006	7.800891e+000	-5.798192e-006	7.800891e+000	0.000000e+000	0.000000e+000	
9.437500e-003	7.104582e+000	0.000000e+000	-6.017715e-006	6.877774e+000	-6.017715e-006	6.877774e+000	0.000000e+000	0.000000e+000	
9.500000e-003	5.506087e+000	0.000000e+000	-6.200565e-006	5.923221e+000	-6.200565e-006	5.923221e+000	0.000000e+000	0.000000e+000	
9.562500e-003	3.882660e+000	0.000000e+000	-6.376757e-006	4.940617e+000	-6.376757e-006	4.940617e+000	0.000000e+000	0.000000e+000	
9.625000e-003	2.252361e+000	0.000000e+000	-6.551755e-006	3.930577e+000	-6.551755e-006	3.930577e+000	0.000000e+000	0.000000e+000	
9.687500e-003	6.719101e-001	0.000000e+000	-6.690083e-006	2.896059e+000	-6.690083e-006	2.896059e+000	0.000000e+000	0.000000e+000	
9.750000e-003	-9.589261e-001	0.000000e+000	-6.751990e-006	1.845897e+000	-6.751990e-006	1.845897e+000	0.000000e+000	0.000000e+000	
9.812500e-003	-2.591355e+000	0.000000e+000	-6.820852e-006	7.855184e-001	-6.820852e-006	7.855184e-001	0.000000e+000	0.000000e+000	
9.875000e-003	-4.204228e+000	0.000000e+000	-6.878954e-006	-2.847789e-001	-6.878954e-006	-2.847789e-001	0.000000e+000	0.000000e+000	
9.937500e-003	-5.806984e+000	0.000000e+000	-6.883259e-006	-1.359952e+000	-6.883259e-006	-1.359952e+000	0.000000e+000	0.000000e+000	
1.000000e-002	-7.422705e+000	0.000000e+000	-6.867135e-006	-2.434201e+000	-6.867135e-006	-2.434201e+000	0.000000e+000	0.000000e+000	
1.006250e-002	-9.067760e+000	0.000000e+000	-6.778348e-006	-3.500255e+000	-6.778348e-006	-3.500255e+000	0.000000e+000	0.000000e+000	
1.012500e-002	-1.066086e+001	0.000000e+000	-6.708552e-006	-4.553919e+000	-6.708552e-006	-4.553919e+000	0.000000e+000	0.000000e+000	
1.018750e-002	-1.226780e+001	0.000000e+000	-6.588840e-006	-5.592777e+000	-6.588840e-006	-5.592777e+000	0.000000e+000	0.000000e+000	
1.025000e-002	-1.390636e+001	0.000000e+000	-6.447630e-006	-6.611252e+000	-6.447630e-006	-6.611252e+000	0.000000e+000	0.000000e+000	
1.031250e-002	-1.552943e+001	0.000000e+000	-6.270681e-006	-7.604870e+000	-6.270681e-006	-7.604870e+000	0.000000e+000	0.000000e+000	
1.037500e-002	-1.711211e+001	0.000000e+000	-6.143129e-006	-8.574699e+000	-6.143129e-006	-8.574699e+000	0.000000e+000	0.000000e+000	
1.043750e-002	-1.875258e+001	0.000000e+000	-5.952644e-006	-9.519681e+000	-5.952644e-006	-9.519681e+000	0.000000e+000	0.000000e+000	
1.050000e-002	-2.036448e+001	0.000000e+000	-5.794249e-006	-1.043741e+001	-5.794249e-006	-1.043741e+001	0.000000e+000	0.000000e+000	
1.056250e-002	-2.197086e+001	0.000000e+000	-5.603454e-006	-1.132785e+001	-5.603454e-006	-1.132785e+001	0.000000e+000	0.000000e+000	
1.062500e-002	-2.359174e+001	0.000000e+000	-5.478069e-006	-1.219360e+001	-5.478069e-006	-1.219360e+001	0.000000e+000	0.000000e+000	
1.068750e-002	-2.520071e+001	0.000000e+000	-5.291759e-006	-1.303499e+001	-5.291759e-006	-1.303499e+001	0.000000e+000	0.000000e+000	
1.075000e-002	-2.682183e+001	0.000000e+000	-5.154224e-006	-1.385108e+001	-5.154224e-006	-1.385108e+001	0.000000e+000	0.000000e+000	
1.081250e-002	-2.843777e+001	0.000000e+000	-5.004635e-006	-1.464474e+001	-5.004635e-006	-1.464474e+001	0.000000e+000	0.000000e+000	
1.087500e-002	-3.005072e+001	0.000000e+000	-4.888478e-006	-1.541764e+001	-4.888478e-006	-1.541764e+001	0.000000e+000	0.000000e+000	
1.093750e-002	-3.167976e+001	0.000000e+000	-4.745391e-006	-1.617029e+001	-4.745391e-006	-1.617029e+001	0.000000e+000	0.000000e+000	
1.100000e-002	-3.328415e+001	0.000000e+000	-4.637487e-006	-1.690333e+001	-4.637487e-006	-1.690333e+001	0.000000e+000	0.000000e+000	
1.106250e-002	-3.491033e+001	0.000000e+000	-4.524211e-006	-1.761908e+001	-4.524211e-006	-1.761908e+001	0.000000e+000	0.000000e+000	
1.112500e-002	-3.650064e+001	0.000000e+000	-4.446939e-006	-1.831995e+001	-4.446939e-006	-1.831995e+001	0.000000e+000	0.000000e+000	
1.118750e-002	-3.813653e+001	0.000000e+000	-4.317680e-006	-1.900469e+001	-4.317680e-006	-1.900469e+001	0.000000e+000	0.000000e+000	
1.125000e-002	-3.976653e+001	0.000000e+000	-4.261066e-006	-1.967490e+001	-4.261066e-006	-1.967490e+001	0.000000e+000	0.000000e+000	
1.131250e-002	-4.137956e+001	0.000000e+000	-4.142716e-006	-2.033145e+001	-4.142716e-006	-2.033145e+001	0.000000e+000	0.000000e+000	
1.137500e-002	-4.299939e+001	0.000000e+000	-4.067489e-006	-2.097287e+001	-4.067489e-006	-2.097287e+001	0.000000e+000	0.000000e+000	
1.143750e-002	-4.460792e+001	0.000000e+000	-3.984550e-006	-2.160194e+001	-3.984550e-006	-2.160194e+001	0.000000e+000	0.000000e+000	
1.150000e-002	-4.625411e+001	0.000000e+000	-3.972098e-006	-2.222355e+001	-3.972098e-006	-2.222355e+001	0.000000e+000	0.000000e+000	
1.156250e-002	-4.785579e+001	0.000000e+000	-3.860756e-006	-2.283549e+001	-3.860756e-006	-2.283549e+001	0.000000e+000	0.000000e+000	
1.162500e-002	-4.948463e+001	0.000000e+000	-3.794389e-006	-2.343355e+001	-3.794389e-006	-2.343355e+001	0.000000e+000	0.000000e+000	
1.168750e-002	-5.109504e+001	0.000000e+000	-3.713001e-006	-2.402007e+001	-3.713001e-006	-2.402007e+001	0.000000e+000	0.000000e+000	
1.175000e-002	-5.270518e+001	0.000000e+000	-3.673330e-006	-2.459712e+001	-3.673330e-006	-2.459712e+001	0.000000e+000	0.000000e+000	
1.181250e-002	-5.431901e+001	0.000000e+000	-3.606378e-006	-2.516585e+001	-3.606378e-006	-2.516585e+001	0.000000e+000	0.000000e+000	
1.187500e-002	-5.594837e+001	0.000000e+000	-3.569950e-006	-2.572650e+001	-3.569950e-006	-2.572650e+001	0.000000e+000	0.000000e+000	
1.193750e-002	-5.756901e+001	0.000000e+000	-3.528099e-006	-2.628104e+001	-3.528099e-006	-2.628104e+001	0.000000e+000	0.000000e+000	
1.200000e-002	-5.918211e+001	0.000000e+000	-3.491102e-006	-2.682941e+001	-3.491102e-006	-2.682941e+001	0.000000e+000	0.000000e+000	
1.206250e-002	-6.077833e+001	0.000000e+000	-3.439902e-006	-2.737090e+001	-3.439902e-006	-2.737090e+001	0.000000e+000	0.000000e+000	
1.212500e-002	-6.241016e+001	0.000000e+000	-3.413039e-006	-2.790628e+001	-3.413039e-006	-2.790628e+001	0.000000e+000	0.000000e+000	
1.218750e-002	-6.402550e+001	0.000000e+000	-3.378263e-006	-2.843685e+001	-3.378263e-006	-2.843685e+001	0.000000e+000	0.000000e+000	
1.225000e-002	-6.564286e+001	0.000000e+000	-3.350182e-006	-2.896251e+001	-3.350182e-006	-2.896251e+001	0.000000e+000	0.000000e+000	
1.231250e-002	-6.724653e+001	0.000000e+000	-3.309142e-006	-2.948277e+001	-3.309142e-006	-2.948277e+001	0.000000e+000	0.000000e+000	
1.237500e-002	-6.887326e+001	0.000000e+000	-3.307050e-006	-2.999966e+001	-3.307050e-006	-2.999966e+001	0.000000e+000	0.000000e+000	
1.243750e-002	-7.049852e+001	0.000000e+000	-3.266984e-006	-3.051326e+001	-3.266984e-006	-3.051326e+001	0.000000e+000	0.000000e+000	
1.250000e-002	-7.137612e+001	0.000000e+000	-6.391535e-007	-3.081842e+001	-6.391535e-007	-3.081842e+001	0.000000e+000	0.000000e+000	
1.256250e-002	-7.002182e+001	0.000000e+000	1.654631e-006	-3.073909e+001	1.654631e-006	-3.073909e+001	0.000000e+000	0.000000e+000	
1.262500e-002	-6.839493e+001	0.000000e+000	1.873281e-006	-3.046347e+001	1.873281e-006	-3.046347e+001	0.000000e+000	0.000000e+000	
1.268750e-002	-6.678512e+001	0.000000e+000	2.041431e-006	-3.015764e+001	2.041431e-006	-3.015764e+001	0.000000e+000	0.000000e+000	
1.275000e-002	-6.516731e+001	0.000000e+000	2.152885e-006	-2.982995e+001	2.152885e-006	-2.982995e+001	0.000000e+000	0.000000e+000	
1.281250e-002	-6.354623e+001	0.000000e+000	2.257879e-006	-2.948536e+001	2.257879e-006	-2.948536e+001	0.000000e+000	0.000000e+000	
1.287500e-002	-6.193334e+001	0.000000e+000	2.326999e-006	-2.912717e+001	2.326999e-006	-2.912717e+001	0.000000e+000	0.000000e+000	
1.293750e-002	-6.032357e+001	0.000000e+000	2.408247e-006	-2.875723e+001	2.408247e-006	-2.875723e+001	0.000000e+000	0.000000e+000	
1.300000e-002	-5.869459e+001	0.000000e+000	2.469980e-006	-2.837612e+001	2.469980e-006	-2.837612e+001	0.000000e+000	0.000000e+000	
1.306250e-002	-5.707805e+001	0.000000e+000	2.539148e-006	-2.798478e+001	2.539148e-006	-2.798478e+001	0.000000e+000	0.000000e+000	
1.312500e-002	-5.545930e+001	0.000000e+000	2.591984e-006	-2.758391e+001	2.591984e-006	-2.758391e+001	0.000000e+000	0.000000e+000	
1.318750e-002	-5.384233e+001	0.000000e+000	2.661244e-006	-2.717350e+001	2.661244e-006	-2.717350e+001	0.000000e+000	0.000000e+000	
1.325000e-002	-5.222924e+001	0.000000e+000	2.719458e-006	-2.675313e+001	2.719458e-006	-2.675313e+001	0.000000e+000	0.000000e+000	
1.331250e-002	-5.060605e+001	0.000000e+000	2.796389e-006	-2.632221e+001	2.796389e-006	-2.632221e+001	0.000000e+000	0.000000e+000	
1.337500e-002	-4.899791e+001	0.000000e+000	2.842965e-006	-2.588163e+001	2.842965e-006	-2.588163e+001	0.000000e+000	0.000000e+000	
1.343750e-002	-4.736915e+001	0.000000e+000	2.924002e-006	-2.543109e+001	2.924002e-006	-2.543109e+001	0.000000e+000	0.000000e+000	
1.350000e-002	-4.576163e+001	0.000000e+000	2.984040e-006	-2.496952e+001	2.984040e-006	-2.496952e+001	0.000000e+000	0.000000e+000	
1.356250e-002	-4.413701e+001	0.000000e+000	3.067568e-006	-2.449674e+001	3.067568e-006	-2.449674e+001	0.000000e+000	0.000000e+000	
1.362500e-002	-4.251717e+001	0.000000e+000	3.132793e-006	-2.401234e+001	3.132793e-006	-2.401234e+001	0.000000e+000	0.000000e+000	
1.368750e-002	-4.091788e+001	0.000000e+000	3.214971e-006	-2.351642e+001	3.214971e-006	-2.351642e+001	0.000000e+000	0.000000e+000	
1.375000e-002	-3.928825e+001	0.000000e+000	3.298624e-006	-2.300754e+001	3.298624e-006	-2.300754e+001	0.000000e+000	0.000000e+000	
1.381250e-002	-3.766937e+001	0.000000e+000	3.403411e-006	-2.248395e+001	3.403411e-006	-2.248395e+001	0.000000e+000	0.000000e+000	
1.387500e-002	-3.605177e+001	0.000000e+000	3.450257e-006	-2.194851e+001	3.450257e-006	-2.194851e+001	0.000000e+000	0.000000e+000	
1.393750e-002	-3.443468e+001	0.000000e+000	3.579046e-006	-2.139934e+001	3.579046e-006	-2.139934e+001	0.000000e+000	0.000000e+000	
1.400000e-002	-3.281934e+001	0.000000e+000	3.668105e-006	-2.083316e+001	3.668105e-006	-2.083316e+001	0.000000e+000	0.000000e+000	
1.406250e-002	-3.119854e+001	0.000000e+000	3.786724e-006	-2.025075e+001	3.786724e-006	-2.025075e+001	0.000000e+000	0.000000e+000	
1.412500e-002	-2.958286e+001	0.000000e+000	3.874518e-006	-1.965221e+001	3.874518e-006	-1.965221e+001	0.000000e+000	0.000000e+000	
1.418750e-002	-2.796823e+001	0.000000e+000	4.011659e-006	-1.903611e+001	4.011659e-006	-1.903611e+001	0.000000e+000	0.000000e+000	
1.425000e-002	-2.634915e+001	0.000000e+000	4.120042e-006	-1.840082e+001	4.120042e-006	-1.840082e+001	0.000000e+000	0.000000e+000	
1.431250e-002	-2.473357e+001	0.000000e+000	4.269411e-006	-1.774539e+001	4.269411e-006	-1.774539e+001	0.000000e+000	0.000000e+000	
1.437500e-002	-2.311227e+001	0.000000e+000	4.389330e-006	-1.706893e+001	4.389330e-006	-1.706893e+001	0.000000e+000	0.000000e+000	
1.443750e-002	-2.149880e+001	0.000000e+000	4.557110e-006	-1.636999e+001	4.557110e-006	-1.636999e+001	0.000000e+000	0.000000e+000	
1.450000e-002	-1.987836e+001	0.000000e+000	4.685287e-006	-1.564792e+001	4.685287e-006	-1.564792e+001	0.000000e+000	0.000000e+000	
1.456250e-002	-1.825752e+001	0.000000e+000	4.871319e-006	-1.490131e+001	4.871319e-006	-1.490131e+001	0.000000e+000	0.000000e+000	
1.462500e-002	-1.664799e+001	0.000000e+000	5.004573e-006	-1.412976e+001	5.004573e-006	-1.412976e+001	0.000000e+000	0.000000e+000	
1.468750e-002	-1.502759e+001	0.000000e+000	5.214610e-006	-1.333139e+001	5.214610e-006	-1.333139e+001	0.000000e+000	0.000000e+000	
1.475000e-002	-1.341020e+001	0.000000e+000	5.363968e-006	-1.250494e+001	5.363968e-006	-1.250494e+001	0.000000e+000	0.000000e+000	
1.481250e-002	-1.179414e+001	0.000000e+000	5.555240e-006	-1.165187e+001	5.555240e-006	-1.165187e+001	0.000000e+000	0.000000e+000	
1.487500e-002	-1.018071e+001	0.000000e+000	5.721470e-006	-1.077088e+001	5.721470e-006	-1.077088e+001	0.000000e+000	0.000000e+000	
1.493750e-002	-8.560427e+000	0.000000e+000	5.906194e-006	-9.862468e+000	5.906194e-006	-9.862468e+000	0.000000e+000	0.000000e+000	
1.500000e-002	-6.944009e+000	0.000000e+000	6.038668e-006	-8.929276e+000	6.038668e-006	-8.929276e+000	0.000000e+000	0.000000e+000	
1.506250e-002	-5.327113e+000	0.000000e+000	6.223523e-006	-7.971292e+000	6.223523e-006	-7.971292e+000	0.000000e+000	0.000000e+000	
1.512500e-002	-3.700997e+000	0.000000e+000	6.328994e-006	-6.990627e+000	6.328994e-006	-6.990627e+000	0.000000e+000	0.000000e+000	
1.518750e-002	-2.087606e+000	0.000000e+000	6.438503e-006	-5.993166e+000	6.438503e-006	-5.993166e+000	0.000000e+000	0.000000e+000	
1.525000e-002	-4.814649e-001	0.000000e+000	6.483310e-006	-4.983649e+000	6.483310e-006	-4.983649e+000	0.000000e+000	0.000000e+000	
1.531250e-002	1.144910e+000	0.000000e+000	6.545169e-006	-3.965800e+000	6.545169e-006	-3.965800e+000	0.000000e+000	0.000000e+000	
1.537500e-002	2.759038e+000	0.000000e+000	6.548045e-006	-2.942892e+000	6.548045e-006	-2.942892e+000	0.000000e+000	0.000000e+000	
1.543750e-002	4.377566e+000	0.000000e+000	6.518670e-006	-1.922055e+000	6.518670e-006	-1.922055e+000	0.000000e+000	0.000000e+000	
1.550000e-002	5.993526e+000	0.000000e+000	6.470931e-006	-9.072425e-001	6.470931e-006	-9.072425e-001	0.000000e+000	0.000000e+000	
1.556250e-002	7.619065e+000	0.000000e+000	6.421400e-006	9.997091e-002	6.421400e-006	9.997091e-002	0.000000e+000	0.000000e+000	
1.562500e-002	9.223016e+000	0.000000e+000	6.312727e-006	1.094825e+000	6.312727e-006	1.094825e+000	0.000000e+000	0.000000e+000	
1.568750e-002	1.083935e+001	0.000000e+000	6.213685e-006	2.073450e+000	6.213685e-006	2.073450e+000	0.000000e+000	0.000000e+000	
1.575000e-002	1.246354e+001	0.000000e+000	6.069151e-006	3.033047e+000	6.069151e-006	3.033047e+000	0.000000e+000	0.000000e+000	
1.581250e-002	1.407040e+001	0.000000e+000	5.926280e-006	3.970190e+000	5.926280e-006	3.970190e+000	0.000000e+000	0.000000e+000	
1.587500e-002	1.569303e+001	0.000000e+000	5.768027e-006	4.883808e+000	5.768027e-006	4.883808e+000	0.000000e+000	0.000000e+000	
1.593750e-002	1.732315e+001	0.000000e+000	5.603895e-006	5.772239e+000	5.603895e-006	5.772239e+000	0.000000e+000	0.000000e+000	
1.600000e-002	1.893514e+001	0.000000e+000	5.459725e-006	6.636585e+000	5.459725e-006	6.636585e+000	0.000000e+000	0.000000e+000	
1.606250e-002	2.055570e+001	0.000000e+000	5.256958e-006	7.473826e+000	5.256958e-006	7.473826e+000	0.000000e+000	0.000000e+000	
1.612500e-002	2.216724e+001	0.000000e+000	5.115037e-006	8.284138e+000	5.115037e-006	8.284138e+000	0.000000e+000	0.000000e+000	
1.618750e-002	2.379525e+001	0.000000e+000	4.957578e-006	9.071061e+000	4.957578e-006	9.071061e+000	0.000000e+000	0.000000e+000	
1.625000e-002	2.540534e+001	0.000000e+000	4.798778e-006	9.833276e+000	4.798778e-006	9.833276e+000	0.000000e+000	0.000000e+000	
1.631250e-002	2.701287e+001	0.000000e+000	4.655994e-006	1.057193e+001	4.655994e-006	1.057193e+001	0.000000e+000	0.000000e+000	
1.637500e-002	2.863477e+001	0.000000e+000	4.531828e-006	1.128973e+001	4.531828e-006	1.128973e+001	0.000000e+000	0.000000e+000	
1.643750e-002	3.024875e+001	0.000000e+000	4.389982e-006	1.198675e+001	4.389982e-006	1.198675e+001	0.000000e+000	0.000000e+000	
1.650000e-002	3.186593e+001	0.000000e+000	4.271374e-006	1.266341e+001	4.271374e-006	1.266341e+001	0.000000e+000	0.000000e+000	
1.656250e-002	3.348896e+001	0.000000e+000	4.152227e-006	1.332151e+001	4.152227e-006	1.332151e+001	0.000000e+000	0.000000e+000	
1.662500e-002	3.510143e+001	0.000000e+000	4.053842e-006	1.396261e+001	4.053842e-006	1.396261e+001	0.000000e+000	0.000000e+000	
1.668750e-002	3.671646e+001	0.000000e+000	3.929088e-006	1.458627e+001	3.929088e-006	1.458627e+001	0.000000e+000	0.000000e+000	
1.675000e-002	3.833516e+001	0.000000e+000	3.844765e-006	1.519361e+001	3.844765e-006	1.519361e+001	0.000000e+000	0.000000e+000	
1.681250e-002	3.994027e+001	0.000000e+000	3.748213e-006	1.578681e+001	3.748213e-006	1.578681e+001	0.000000e+000	0.000000e+000	
1.687500e-002	4.156686e+001	0.000000e+000	3.664879e-006	1.636595e+001	3.664879e-006	1.636595e+001	0.000000e+000	0.000000e+000	
1.693750e-002	4.318213e+001	0.000000e+000	3.576068e-006	1.693165e+001	3.576068e-006	1.693165e+001	0.000000e+000	0.000000e+000	
1.700000e-002	4.479542e+001	0.000000e+000	3.516313e-006	1.748575e+001	3.516313e-006	1.748575e+001	0.000000e+000	0.000000e+000	
1.706250e-002	4.642187e+001	0.000000e+000	3.433155e-006	1.802867e+001	3.433155e-006	1.802867e+001	0.000000e+000	0.000000e+000	
1.712500e-002	4.803122e+001	0.000000e+000	3.377020e-006	1.856072e+001	3.377020e-006	1.856072e+001	0.000000e+000	0.000000e+000	
1.718750e-002	4.964863e+001	0.000000e+000	3.315134e-006	1.908354e+001	3.315134e-006	1.908354e+001	0.000000e+000	0.000000e+000	
1.725000e-002	5.126776e+001	0.000000e+000	3.280796e-006	1.959885e+001	3.280796e-006	1.959885e+001	0.000000e+000	0.000000e+000	
1.731250e-002	5.288378e+001	0.000000e+000	3.223664e-006	2.010701e+001	3.223664e-006	2.010701e+001	0.000000e+000	0.000000e+000	
1.737500e-002	5.449155e+001	0.000000e+000	3.211191e-006	2.060973e+001	3.211191e-006	2.060973e+001	0.000000e+000	0.000000e+000	
1.743750e-002	5.611681e+001	0.000000e+000	3.168960e-006	2.110818e+001	3.168960e-006	2.110818e+001	0.000000e+000	0.000000e+000	
1.750000e-002	5.772977e+001	0.000000e+000	3.159823e-006	2.160262e+001	3.159823e-006	2.160262e+001	0.000000e+000	0.000000e+000	
1.756250e-002	5.934057e+001	0.000000e+000	3.131554e-006	2.209413e+001	3.131554e-006	2.209413e+001	0.000000e+000	0.000000e+000	
1.762500e-002	6.095348e+001	0.000000e+000	3.125726e-006	2.258298e+001	3.125726e-006	2.258298e+001	0.000000e+000	0.000000e+000	
1.768750e-002	6.257396e+001	0.000000e+000	3.112938e-006	2.307038e+001	3.112938e-006	2.307038e+001	0.000000e+000	0.000000e+000	
1.775000e-002	6.418922e+001	0.000000e+000	3.098697e-006	2.355566e+001	3.098697e-006	2.355566e+001	0.000000e+000	0.000000e+000	
1.781250e-002	6.580692e+001	0.000000e+000	3.080193e-006	2.403839e+001	3.080193e-006	2.403839e+001	0.000000e+000	0.000000e+000	
1.787500e-002	6.741095e+001	0.000000e+000	3.061609e-006	2.451822e+001	3.061609e-006	2.451822e+001	0.000000e+000	0.000000e+000	
1.793750e-002	6.904071e+001	0.000000e+000	3.044374e-006	2.499525e+001	3.044374e-006	2.499525e+001	0.000000e+000	0.000000e+000	
1.800000e-002	7.065189e+001	0.000000e+000	3.017492e-006	2.546883e+001	3.017492e-006	2.546883e+001	0.000000e+000	0.000000e+000	
1.806250e-002	7.227225e+001	0.000000e+000	3.005996e-006	2.593941e+001	3.005996e-006	2.593941e+001	0.000000e+000	0.000000e+000	
1.812500e-002	7.388223e+001	0.000000e+000	2.970199e-006	2.640631e+001	2.970199e-006	2.640631e+001	0.000000e+000	0.000000e+000	
1.818750e-002	7.551179e+001	0.000000e+000	2.949280e-006	2.686876e+001	2.949280e-006	2.686876e+001	0.000000e+000	0.000000e+000	
1.825000e-002	7.712497e+001	0.000000e+000	2.923627e-006	2.732759e+001	2.923627e-006	2.732759e+001	0.000000e+000	0.000000e+000	
1.831250e-002	7.873190e+001	0.000000e+000	2.898312e-006	2.778242e+001	2.898312e-006	2.778242e+001	0.000000e+000	0.000000e+000	
1.837500e-002	8.035302e+001	0.000000e+000	2.873384e-006	2.823334e+001	2.873384e-006	2.823334e+001	0.000000e+000	0.000000e+000	
1.843750e-002	8.196948e+001	0.000000e+000	2.849252e-006	2.868042e+001	2.849252e-006	2.868042e+001	0.000000e+000	0.000000e+000	
1.850000e-002	8.359775e+001	0.000000e+000	2.821306e-006	2.912343e+001	2.821306e-006	2.912343e+001	0.000000e+000	0.000000e+000	
1.856250e-002	8.520664e+001	0.000000e+000	2.805465e-006	2.956302e+001	2.805465e-006	2.956302e+001	0.000000e+000	0.000000e+000	
1.862500e-002	8.681166e+001	0.000000e+000	2.772652e-006	2.999881e+001	2.772652e-006	2.999881e+001	0.000000e+000	0.000000e+000	
1.868750e-002	8.844190e+001	0.000000e+000	2.762582e-006	3.043125e+001	2.762582e-006	3.043125e+001	0.000000e+000	0.000000e+000	
1.875000e-002	8.948505e+001	0.000000e+000	1.039297e-006	3.072828e+001	1.039297e-006	3.072828e+001	0.000000e+000	0.000000e+000	
1.881250e-002	8.877934e+001	0.000000e+000	-4.163440e-007	3.077694e+001	-4.163440e-007	3.077694e+001	0.000000e+000	0.000000e+000	
1.887500e-002	8.789267e+001	0.000000e+000	-5.630393e-007	3.070043e+001	-5.630393e-007	3.070043e+001	0.000000e+000	0.000000e+000	
1.893750e-002	8.699167e+001	0.000000e+000	-6.696941e-007	3.060412e+001	-6.696941e-007	3.060412e+001	0.000000e+000	0.000000e+000	
1.900000e-002	8.609470e+001	0.000000e+000	-7.472850e-007	3.049342e+001	-7.472850e-007	3.049342e+001	0.000000e+000	0.000000e+000	
1.906250e-002	8.518503e+001	0.000000e+000	-8.095953e-007	3.037179e+001	-8.095953e-007	3.037179e+001	0.000000e+000	0.000000e+000	
1.912500e-002	8.429495e+001	0.000000e+000	-8.576321e-007	3.024154e+001	-8.576321e-007	3.024154e+001	0.000000e+000	0.000000e+000	
1.918750e-002	8.340770e+001	0.000000e+000	-9.039932e-007	3.010391e+001	-9.039932e-007	3.010391e+001	0.000000e+000	0.000000e+000	
1.925000e-002	8.250390e+001	0.000000e+000	-9.341251e-007	2.996031e+001	-9.341251e-007	2.996031e+001	0.000000e+000	0.000000e+000	
1.931250e-002	8.160888e+001	0.000000e+000	-9.681224e-007	2.981169e+001	-9.681224e-007	2.981169e+001	0.000000e+000	0.000000e+000	
1.937500e-002	8.070416e+001	0.000000e+000	-9.925246e-007	2.965852e+001	-9.925246e-007	2.965852e+001	0.000000e+000	0.000000e+000	
1.943750e-002	7.981986e+001	0.000000e+000	-1.023355e-006	2.950103e+001	-1.023355e-006	2.950103e+001	0.000000e+000	0.000000e+000	
1.950000e-002	7.891205e+001	0.000000e+000	-1.037207e-006	2.934005e+001	-1.037207e-006	2.934005e+001	0.000000e+000	0.000000e+000	
1.956250e-002	7.799015e+001	0.000000e+000	-1.065855e-006	2.917574e+001	-1.065855e-006	2.917574e+001	0.000000e+000	0.000000e+000	
1.962500e-002	7.711831e+001	0.000000e+000	-1.076248e-006	2.900839e+001	-1.076248e-006	2.900839e+001	0.000000e+000	0.000000e+000	
1.968750e-002	7.622565e+001	0.000000e+000	-1.103262e-006	2.883812e+001	-1.103262e-006	2.883812e+001	0.000000e+000	0.000000e+000	
1.975000e-002	7.530876e+001	0.000000e+000	-1.109853e-006	2.866522e+001	-1.109853e-006	2.866522e+001	0.000000e+000	0.000000e+000	
1.981250e-002	7.440315e+001	0.000000e+000	-1.129211e-006	2.849029e+001	-1.129211e-006	2.849029e+001	0.000000e+000	0.000000e+000	
1.987500e-002	7.349767e+001	0.000000e+000	-1.140678e-006	2.831296e+001	-1.140678e-006	2.831296e+001	0.000000e+000	0.000000e+000	
1.993750e-002	7.260720e+001	0.000000e+000	-1.160478e-006	2.813318e+001	-1.160478e-006	2.813318e+001	0.000000e+000	0.000000e+000	
2.000000e-002	7.173863e+001	0.000000e+000	-1.171521e-006	2.795099e+001	-1.171521e-006	2.795099e+001	0.000000e+000	0.000000e+000	
2.006250e-002	7.083162e+001	0.000000e+000	-1.184552e-006	2.776692e+001	-1.184552e-006	2.776692e+001	0.000000e+000	0.000000e+000	
2.012500e-002	6.992417e+001	0.000000e+000	-1.201753e-006	2.758049e+001	-1.201753e-006	2.758049e+001	0.000000e+000	0.000000e+000	
2.018750e-002	6.900080e+001	0.000000e+000	-1.214388e-006	2.739173e+001	-1.214388e-006	2.739173e+001	0.000000e+000	0.000000e+000	
2.025000e-002	6.811992e+001	0.000000e+000	-1.229272e-006	2.720082e+001	-1.229272e-006	2.720082e+001	0.000000e+000	0.000000e+000	
2.031250e-002	6.723028e+001	0.000000e+000	-1.241802e-006	2.700777e+001	-1.241802e-006	2.700777e+001	0.000000e+000	0.000000e+000	
2.037500e-002	6.630734e+001	0.000000e+000	-1.259108e-006	2.681239e+001	-1.259108e-006	2.681239e+001	0.000000e+000	0.000000e+000	
2.043750e-002	6.542005e+001	0.000000e+000	-1.264467e-006	2.661523e+001	-1.264467e-006	2.661523e+001	0.000000e+000	0.000000e+000	
2.050000e-002	6.455827e+001	0.000000e+000	-1.288286e-006	2.641580e+001	-1.288286e-006	2.641580e+001	0.000000e+000	0.000000e+000	
2.056250e-002	6.362903e+001	0.000000e+000	-1.289923e-006	2.621437e+001	-1.289923e-006	2.621437e+001	0.000000e+000	0.000000e+000	
2.062500e-002	6.273440e+001	0.000000e+000	-1.310099e-006	2.601125e+001	-1.310099e-006	2.601125e+001	0.000000e+000	0.000000e+000	
2.068750e-002	6.185555e+001	0.000000e+000	-1.318043e-006	2.580592e+001	-1.318043e-006	2.580592e+001	0.000000e+000	0.000000e+000	
2.075000e-002	6.094171e+001	0.000000e+000	-1.335802e-006	2.559859e+001	-1.335802e-006	2.559859e+001	0.000000e+000	0.000000e+000	
2.081250e-002	6.003900e+001	0.000000e+000	-1.351268e-006	2.538867e+001	-1.351268e-006	2.538867e+001	0.000000e+000	0.000000e+000	
2.087500e-002	5.914562e+001	0.000000e+000	-1.363426e-006	2.517658e+001	-1.363426e-006	2.517658e+001	0.000000e+000	0.000000e+000	
2.093750e-002	5.822495e+001	0.000000e+000	-1.378186e-006	2.496239e+001	-1.378186e-006	2.496239e+001	0.000000e+000	0.000000e+000	
2.100000e-002	5.735329e+001	0.000000e+000	-1.401303e-006	2.474524e+001	-1.401303e-006	2.474524e+001	0.000000e+000	0.000000e+000	
2.106250e-002	5.646955e+001	0.000000e+000	-1.382343e-006	2.452777e+001	-1.382343e-006	2.452777e+001	0.000000e+000	0.000000e+000	
2.112500e-002	5.555724e+001	0.000000e+000	-1.419317e-006	2.430889e+001	-1.419317e-006	2.430889e+001	0.000000e+000	0.000000e+000	
2.118750e-002	5.464944e+001	0.000000e+000	-1.445123e-006	2.408511e+001	-1.445123e-006	2.408511e+001	0.000000e+000	0.000000e+000	
2.125000e-002	5.377448e+001	0.000000e+000	-1.450540e-006	2.385888e+001	-1.450540e-006	2.385888e+001	0.000000e+000	0.000000e+000	
2.131250e-002	5.286815e+001	0.000000e+000	-1.473407e-006	2.363045e+001	-1.473407e-006	2.363045e+001	0.000000e+000	0.000000e+000	
2.137500e-002	5.198352e+001	0.000000e+000	-1.481463e-006	2.339960e+001	-1.481463e-006	2.339960e+001	0.000000e+000	0.000000e+000	
2.143750e-002	5.106413e+001	0.000000e+000	-1.505501e-006	2.316624e+001	-1.505501e-006	2.316624e+001	0.000000e+000	0.000000e+000	
2.150000e-002	5.017463e+001	0.000000e+000	-1.520691e-006	2.292982e+001	-1.520691e-006	2.292982e+001	0.000000e+000	0.000000e+000	
2.156250e-002	4.927164e+001	0.000000e+000	-1.530849e-006	2.269142e+001	-1.530849e-006	2.269142e+001	0.000000e+000	0.000000e+000	
2.162500e-002	4.838240e+001	0.000000e+000	-1.566977e-006	2.244940e+001	-1.566977e-006	2.244940e+001	0.000000e+000	0.000000e+000	
2.168750e-002	4.747225e+001	0.000000e+000	-1.574311e-006	2.220399e+001	-1.574311e-006	2.220399e+001	0.000000e+000	0.000000e+000	
2.175000e-002	4.656829e+001	0.000000e+000	-1.597786e-006	2.195617e+001	-1.597786e-006	2.195617e+001	0.000000e+000	0.000000e+000	
2.181250e-002	4.569183e+001	0.000000e+000	-1.617193e-006	2.170500e+001	-1.617193e-006	2.170500e+001	0.000000e+000	0.000000e+000	
2.187500e-002	4.477486e+001	0.000000e+000	-1.631827e-006	2.145117e+001	-1.631827e-006	2.145117e+001	0.000000e+000	0.000000e+000	
2.193750e-002	4.389534e+001	0.000000e+000	-1.655899e-006	2.119432e+001	-1.655899e-006	2.119432e+001	0.000000e+000	0.000000e+000	
2.200000e-002	4.298349e+001	0.000000e+000	-1.682153e-006	2.093353e+001	-1.682153e-006	2.093353e+001	0.000000e+000	0.000000e+000	
2.206250e-002	4.208764e+001	0.000000e+000	-1.690417e-006	2.067005e+001	-1.690417e-006	2.067005e+001	0.000000e+000	0.000000e+000	
2.212500e-002	4.119792e+001	0.000000e+000	-1.727306e-006	2.040304e+001	-1.727306e-006	2.040304e+001	0.000000e+000	0.000000e+000	
2.218750e-002	4.028780e+001	0.000000e+000	-1.740210e-006	2.013214e+001	-1.740210e-006	2.013214e+001	0.000000e+000	0.000000e+000	
2.225000e-002	3.939430e+001	0.000000e+000	-1.771367e-006	1.985780e+001	-1.771367e-006	1.985780e+001	0.000000e+000	0.000000e+000	
2.231250e-002	3.849653e+001	0.000000e+000	-1.793358e-006	1.957931e+001	-1.793358e-006	1.957931e+001	0.000000e+000	0.000000e+000	
2.237500e-002	3.758732e+001	0.000000e+000	-1.817107e-006	1.929724e+001	-1.817107e-006	1.929724e+001	0.000000e+000	0.000000e+000	
2.243750e-002	3.668601e+001	0.000000e+000	-1.856554e-006	1.901023e+001	-1.856554e-006	1.901023e+001	0.000000e+000	0.000000e+000	
2.250000e-002	3.579336e+001	0.000000e+000	-1.872536e-006	1.871890e+001	-1.872536e-006	1.871890e+001	0.000000e+000	0.000000e+000	
2.256250e-002	3.489519e+001	0.000000e+000	-1.905260e-006	1.842376e+001	-1.905260e-006	1.842376e+001	0.000000e+000	0.000000e+000	
2.262500e-002	3.400784e+001	0.000000e+000	-1.922216e-006	1.812474e+001	-1.922216e-006	1.812474e+001	0.000000e+000	0.000000e+000	
2.268750e-002	3.309120e+001	0.000000e+000	-1.967161e-006	1.782088e+001	-1.967161e-006	1.782088e+001	0.000000e+000	0.000000e+000	
2.275000e-002	3.220044e+001	0.000000e+000	-1.986076e-006	1.751203e+001	-1.986076e-006	1.751203e+001	0.000000e+000	0.000000e+000	
2.281250e-002	3.130626e+001	0.000000e+000	-2.024885e-006	1.719868e+001	-2.024885e-006	1.719868e+001	0.000000e+000	0.000000e+000	
2.287500e-002	3.039963e+001	0.000000e+000	-2.058489e-006	1.687966e+001	-2.058489e-006	1.687966e+001	0.000000e+000	0.000000e+000	
2.293750e-002	2.949310e+001	0.000000e+000	-2.092080e-006	1.655540e+001	-2.092080e-006	1.655540e+001	0.000000e+000	0.000000e+000	
2.300000e-002	2.860087e+001	0.000000e+000	-2.127065e-006	1.622578e+001	-2.127065e-006	1.622578e+001	0.000000e+000	0.000000e+000	
2.306250e-002	2.771226e+001	0.000000e+000	-2.163195e-006	1.589060e+001	-2.163195e-006	1.589060e+001	0.000000e+000	0.000000e+000	
2.312500e-002	2.680265e+001	0.000000e+000	-2.206085e-006	1.554925e+001	-2.206085e-006	1.554925e+001	0.000000e+000	0.000000e+000	
2.318750e-002	2.590767e+001	0.000000e+000	-2.238856e-006	1.520199e+001	-2.238856e-006	1.520199e+001	0.000000e+000	0.000000e+000	
2.325000e-002	2.500467e+001	0.000000e+000	-2.287020e-006	1.484841e+001	-2.287020e-006	1.484841e+001	0.000000e+000	0.000000e+000	
2.331250e-002	2.410857e+001	0.000000e+000	-2.306181e-006	1.448956e+001	-2.306181e-006	1.448956e+001	0.000000e+000	0.000000e+000	
2.337500e-002	2.320897e+001	0.000000e+000	-2.375468e-006	1.412381e+001	-2.375468e-006	1.412381e+001	0.000000e+000	0.000000e+000	
2.343750e-002	2.230388e+001	0.000000e+000	-2.410826e-006	1.374988e+001	-2.410826e-006	1.374988e+001	0.000000e+000	0.000000e+000	
2.350000e-002	2.141065e+001	0.000000e+000	-2.450358e-006	1.337010e+001	-2.450358e-006	1.337010e+001	0.000000e+000	0.000000e+000	
2.356250e-002	2.050424e+001	0.000000e+000	-2.520193e-006	1.298177e+001	-2.520193e-006	1.298177e+001	0.000000e+000	0.000000e+000	
2.362500e-002	1.961544e+001	0.000000e+000	-2.555469e-006	1.258524e+001	-2.555469e-006	1.258524e+001	0.000000e+000	0.000000e+000	
2.368750e-002	1.871596e+001	0.000000e+000	-2.616961e-006	1.218114e+001	-2.616961e-006	1.218114e+001	0.000000e+000	0.000000e+000	
2.375000e-002	1.781011e+001	0.000000e+000	-2.656973e-006	1.176912e+001	-2.656973e-006	1.176912e+001	0.000000e+000	0.000000e+000	
2.381250e-002	1.691501e+001	0.000000e+000	-2.704857e-006	1.135022e+001	-2.704857e-006	1.135022e+001	0.000000e+000	0.000000e+000	
2.387500e-002	1.601653e+001	0.000000e+000	-2.790535e-006	1.092090e+001	-2.790535e-006	1.092090e+001	0.000000e+000	0.000000e+000	
2.393750e-002	1.511235e+001	0.000000e+000	-2.839223e-006	1.048107e+001	-2.839223e-006	1.048107e+001	0.000000e+000	0.000000e+000	
2.400000e-002	1.421926e+001	0.000000e+000	-2.873603e-006	1.003476e+001	-2.873603e-006	1.003476e+001	0.000000e+000	0.000000e+000	
2.406250e-002	1.332568e+001	0.000000e+000	-2.964904e-006	9.578623e+000	-2.964904e-006	9.578623e+000	0.000000e+000	0.000000e+000	
2.412500e-002	1.242755e+001	0.000000e+000	-3.043095e-006	9.109248e+000	-3.043095e-006	9.109248e+000	0.000000e+000	0.000000e+000	
2.418750e-002	1.152381e+001	0.000000e+000	-3.080329e-006	8.630856e+000	-3.080329e-006	8.630856e+000	0.000000e+000	0.000000e+000	
2.425000e-002	1.062533e+001	0.000000e+000	-3.181652e-006	8.141639e+000	-3.181652e-006	8.141639e+000	0.000000e+000	0.000000e+000	
2.431250e-002	9.721706e+000	0.000000e+000	-3.200790e-006	7.643010e+000	-3.200790e-006	7.643010e+000	0.000000e+000	0.000000e+000	
2.437500e-002	8.817587e+000	0.000000e+000	-3.284883e-006	7.136317e+000	-3.284883e-006	7.136317e+000	0.000000e+000	0.000000e+000	
2.443750e-002	7.939218e+000	0.000000e+000	-3.339341e-006	6.618800e+000	-3.339341e-006	6.618800e+000	0.000000e+000	0.000000e+000	
2.450000e-002	7.036453e+000	0.000000e+000	-3.415852e-006	6.091050e+000	-3.415852e-006	6.091050e+000	0.000000e+000	0.000000e+000	
2.456250e-002	6.132154e+000	0.000000e+000	-3.481375e-006	5.552205e+000	-3.481375e-006	5.552205e+000	0.000000e+000	0.000000e+000	
2.462500e-002	5.233133e+000	0.000000e+000	-3.531993e-006	5.004285e+000	-3.531993e-006	5.004285e+000	0.000000e+000	0.000000e+000	
2.468750e-002	4.336800e+000	0.000000e+000	-3.592831e-006	4.447658e+000	-3.592831e-006	4.447658e+000	0.000000e+000	0.000000e+000	
2.475000e-002	3.439213e+000	0.000000e+000	-3.628805e-006	3.883468e+000	-3.628805e-006	3.883468e+000	0.000000e+000	0.000000e+000	
2.481250e-002	2.539535e+000	0.000000e+000	-3.706966e-006	3.310361e+000	-3.706966e-006	3.310361e+000	0.000000e+000	0.000000e+000	
2.487500e-002	1.637467e+000	0.000000e+000	-3.720474e-006	2.730092e+000	-3.720474e-006	2.730092e+000	0.000000e+000	0.000000e+000	
2.493750e-002	7.385057e-001	0.000000e+000	-3.762123e-006	2.145514e+000	-3.762123e-006	2.145514e+000	0.000000e+000	0.000000e+000	
2.500000e-002	4.624175e-002	0.000000e+000	-1.946981e-006	1.699490e+000	-1.946981e-006	1.699490e+000	0.000000e+000	0.000000e+000	
